0.055320014451995116	0.04346498760350259	0.05338140640779056	0.03429841281192634	0.03385067468538867	0.0003998163066836697	0.03890755247188362	0.028377844059222054	0.0008255576660452432	0.006023414146024303	0.010546427147478082	0.011561853035356551	0.00034202681540341617	0.04001522679157997	0.03720509529393571
5.5705745831461663e-5	1.0014543139322771e-10	0.0003475179535590384	2.4029847205055306e-5	0.00020599109791702091	5.65920851497509e-6	0.0005136445674278711	0.015143838966114851	7.37149939534551e-7	3.380765858230113e-7	2.5084105762107624e-5	3.4980376698799385e-5	8.208038315468879e-5	2.7728748303840605e-10	1.4397504703134148e-10
7.01814915207688e-5	3.0352725583754453e-5	0.0002980326174610246	4.333630188621228e-5	0.006545686072000668	8.199592893752078e-6	0.011128284995191385	0.00016287123730597804	2.498699278299367e-6	1.1165082542220602e-6	0.00016471537006873597	0.004969653507680472	0.0002116252650391502	0.010955753112590753	1.2974906763637853e-10
0.0001376701856428369	0.004035541164800786	0.0013111449552885698	0.008607695747421935	0.01063508470966502	0.028731478964670622	7.721590625250416e-8	0.0014025732339301778	0.02801822327850863	0.02544782208964	0.022248970141115425	0.02046689074215116	0.027975651806686347	2.1138382746289042e-10	2.8599565379132493e-6
6.298981295604239e-5	3.3692933938789444e-9	2.5372904586605705e-5	8.447347912342469e-6	1.668242512232048e-5	3.191868930068893e-6	0.0006900195365858405	0.00015339607046689204	2.683059855660958e-7	6.840626347593616e-6	1.674846691803505e-5	0.00023309295809315756	8.083122903472498e-5	1.849174137493004e-7	2.32858199314168e-8
2.889586070004484e-5	8.054014027449042e-7	2.028415109425216e-5	6.03499305431289e-7	2.1527142143199005e-5	1.4348451467740854e-7	1.8901749828898066e-5	9.248245357189571e-5	6.575966574374874e-8	3.335447415752682e-9	8.017258044876424e-7	3.6112981139044445e-9	3.3376284564564384e-5	1.4870116411456533e-8	6.224856166710713e-6
0.029572319294136295	0.035804169536578966	0.030711063972525134	0.03636574011376614	0.023746418016822573	0.04748197828908862	0.03466102595793258	0.043873836041423385	0.04758441659680642	0.045742567862702956	0.04395979846117569	0.044963092033365404	0.047263466210746535	0.03411964102514349	0.029211898505598934
2.101771495508438e-5	2.1228149740860295e-7	1.8611950330004433e-5	1.8236057029559636e-6	2.4042586717935132e-5	3.6518348017626027e-7	1.2658826760201495e-5	6.810253560650638e-5	1.0394226597150042e-10	4.670628522855415e-7	7.340488794370782e-7	1.7596162793291727e-7	2.391173129485222e-5	5.802730549315244e-9	5.7856722498354724e-8
2.9069941431107356e-5	1.0029249846802876e-10	8.631327279387843e-6	3.3641843253797678e-6	3.233887490216624e-5	3.8512186371753795e-7	0.00015056279912867987	0.00010976682697081956	2.2447295913867484e-8	2.0891303971846597e-7	1.2299850769520398e-6	0.0007434606176342583	1.4873478357456185e-5	7.754147984491648e-7	0.0014764131485811866
2.0917592858411218e-5	6.553672828017588e-7	2.748690414728634e-5	3.7530346215774017e-10	8.085314914715773e-7	2.044761184954911e-7	1.7363171083003744e-5	7.229423375577553e-5	1.3260678028767734e-8	5.605599188832142e-9	1.0603252686933179e-6	3.891177360065567e-6	2.809270984629204e-5	6.126744115588065e-9	1.1555780798627165e-7
4.731571695194479e-5	0.000225197671742789	0.00010373355224246002	5.994039088698609e-7	0.0031892638215589666	3.245990211640494e-6	0.0003760194439791655	0.00012787002436269132	1.3392130237103114e-7	5.566684113752817e-7	1.0020319124984486e-10	1.1538536308808987e-10	5.370356945409963e-6	2.1889387664193937e-6	0.0007697494961742513
3.857353793908497e-5	4.878788021896209e-6	0.00025687513482255416	0.0017352623090017393	3.354803625450751e-5	0.012634572230214934	0.0009974239877314271	0.0003062909134637985	0.012299077532734683	0.010894434133534673	0.00939351798805264	0.00948061389896859	0.012054896919597675	0.0007499006532614019	1.0592697805754242e-6
0.9871458474295561	0.9869302364876362	0.9869252386749499	0.9861940378009046	0.9803359257900304	0.9821646837591385	0.9856735188744379	0.9877701749427854	0.9818586655146848	0.9831602587218002	0.9832283113738323	0.9831461456586901	0.9818249592588779	0.9853961234529559	0.9849330846477489
0.027709122031405867	0.030334052005833792	0.02731909673237169	0.031033506435521677	0.02695601753666506	0.02663732621557419	0.031000607213471094	0.03398604238107057	0.027360750638211334	0.027303529610806867	0.028472690737083133	0.026768799923365665	0.027278014345458786	0.031033168048963118	0.03331386048883858
0.00029565139222446045	8.66933358379346e-6	0.0010609291354563323	3.415283090279049e-6	0.004318713580219449	4.968110137225708e-8	7.01583270439509e-5	0.00010656573494776761	3.532465792554218e-6	2.088821692397964e-8	1.2280772914270355e-6	3.6299140191194136e-5	2.239088177315893e-7	1.0354861730463005e-10	3.344996685165183e-5
4.5299566476631825e-5	4.433147896483524e-8	0.0007035380935102547	3.530305841560943e-10	4.350390555199779e-5	1.1637204857183109e-6	8.954850664090165e-5	0.00012081134155371888	7.703456036975994e-8	5.251519432202455e-8	6.901313385748602e-6	3.816079307953817e-5	4.0407694650774844e-5	2.934312728056169e-10	8.241668966353231e-8
0.1659771428924271	0.20580864197297863	0.17437056909731719	0.23033861379458082	0.16673231587938167	0.2912052230349731	0.21995024042770914	0.25688739596835186	0.2921536152124583	0.28121720094280866	0.2724619035188328	0.26603901342054176	0.29088350268680957	0.2161100097341609	0.20186491713413598
2.864885635474331	2.837504446050651	2.858551824570119	2.817574626177097	2.884150287524517	2.767301606850664	2.830462263700478	2.7943359511425974	2.7660915652908264	2.7768336907018814	2.780905069009385	2.790601279299783	2.7672674212440365	2.8344133867925154	2.846294352682705
5.4158530840766024e-5	2.5184854537437684e-6	0.0004938487813541784	4.80066638280791e-6	8.376884186503435e-5	4.044206839196034e-7	0.0037145582773623078	0.00015714815020337035	4.664119398377122e-6	4.734269036859424e-6	0.0024751501606200513	0.0003854575245592526	0.000258255508331851	2.833377750653559e-10	1.0137138682938696e-10
4.5284519549773174e-5	5.255968034855956e-9	0.000125550917428454	9.19893324390273e-6	4.996065454514111e-5	1.971199067846728e-6	6.214250088547188e-5	0.00012483674928677645	8.396233168651337e-8	5.216835959500495e-6	2.238253057727641e-8	3.4325474045671082e-6	7.32360973172937e-5	7.997623806683889e-10	1.117446032321531e-10
7.681616974770075e-5	0.00015508962254051249	3.6759496856130794e-6	3.107340838196373e-8	6.4975750437783055e-9	1.7600272508905675e-10	2.5683658591327285e-5	0.00011406056283873856	3.6503619055686005e-8	7.187029311173152e-8	8.396568474066005e-8	2.1993059186752712e-8	6.995207324009388e-5	1.0893527225775128e-8	0.0007585377969295301
0.006214212950570343	0.0065372598398144985	0.006212461148272242	5.5657297840261906e-5	0.0003082183167895508	1.1295558426431736e-6	0.0005653758084292712	0.00836542830348484	5.53728040174533e-6	0.00013903207193065575	1.5456919422828533e-5	0.005635200056869536	0.00038478011631902373	1.3504224120257337e-8	3.875495185734102e-10
9.738617983640444e-6	5.969684898819564e-5	1.0636458491700063e-10	0.008547561632786296	0.00492930268240188	0.006763588291821916	0.00899892816279689	0.00018115706947498941	0.006975205388544412	0.006795767122656528	0.008795163500228725	0.0026511973689907218	0.006427953029158593	0.007951285995043612	0.0041059723782441975
3.593710127555472e-5	2.496893749086695e-6	4.5835812081123556e-5	9.307921325348089e-7	2.2071153959259644e-5	7.315315677345297e-7	2.4881826519446743e-5	0.00010017778332925884	1.7688725761454842e-9	1.0011560769196807e-10	3.627471503024973e-7	7.900079694638539e-6	4.2010116740470934e-5	1.0879896717309468e-9	8.102295215094531e-9
3.871228888751877e-5	3.9123247167714514e-6	8.464448054291348e-5	3.7736106357007875e-6	8.145602936898291e-5	1.1533222527913722e-6	6.748353679714639e-6	0.00010790298585920937	1.1067272360632825e-9	1.7300218343693117e-8	1.0291514781726675e-7	6.0607010229806955e-6	4.888576817101707e-5	6.707129949632759e-10	0.0027365506557596336
3.736836895821727e-5	2.4548140838493146e-6	0.00022083979035402373	8.705618877216786e-6	4.55271490720488e-5	2.9502603657186702e-6	0.0001027747108518561	0.00012132385076403565	4.296391058341508e-8	6.521871613076345e-9	9.62181244036746e-7	1.1121646933730767e-10	1.5277135189548663e-5	2.116223841212923e-9	3.11240962947034e-8
4.672105059225554e-5	3.916665012077832e-6	0.00010456753544710177	8.223118902012941e-6	0.00010102391466465785	6.3127096828756685e-6	2.7941786064797954e-6	0.0001172808095245011	6.921857079973728e-7	7.735645066620003e-6	3.7436130154967013e-6	2.0104524407434932e-5	0.0004649395898256323	1.12349521039675e-10	1.474011538911778e-9
3.912432988718949e-5	2.052983972058896e-6	7.596308341911204e-5	9.636932747347381e-6	4.179586854688339e-5	4.057300788379739e-6	0.00011178159990625562	0.00015161201736429262	1.6156960034259777e-8	7.961787819650083e-7	3.3995179285257195e-6	3.855588613313843e-6	6.001815970283596e-5	3.807628083413033e-7	1.8456079823873236e-7
4.415120659308844e-5	5.09295758249737e-6	0.0002590786155533328	1.7337590211188533e-5	0.042141897408943134	5.47597773376217e-6	0.000119728798688359	0.0001258558500309913	3.395949605560077e-7	3.4284673619507906e-6	1.0185843773707718e-5	0.0002673498020200229	0.0002829706258763972	2.434435510849194e-6	2.406285098115797e-10
4.8295972776123465e-5	0.00018041319457020748	0.00019517425834154753	2.6962211801846078e-5	6.110652241042828e-5	0.00023864164162211668	3.784186536721365e-6	0.00012028695025340197	5.77399722175715e-6	1.7059123144779329e-6	2.1060089344017802e-5	6.425224872532036e-5	0.0006193917590405005	1.000064812693922e-10	0.01539772099716439
