0.0816218605881917	0.10027140325890845	0.1003412251542328	0.10021208806424187	0.09998298676466422	0.09685902096219438	1.000000110814606e-10	0.10021205094941223	0.08887551235944477	0.08888051737670496	0.09998188276109568	1.0000039086742662e-10	0.09685838949302111	1.0000076470487038e-10	0.10170234351663808
1.000000226842222e-10	1.0000121352406427e-10	1.00000081297712e-10	1.000000227766013e-10	1.000000097818348e-10	1.000000000241474e-10	0.0946014492375159	1.0000003606682249e-10	1.0000002469546362e-10	1.0000000205543883e-10	1.0000002226156854e-10	1.0000000119663139e-10	1.000000427169111e-10	1.0000117405731115e-10	1.0000135473625503e-10
1.0000002385916102e-10	1.0000104420852815e-10	1.0000000136475752e-10	1.0000002737442111e-10	1.0000001174179645e-10	1.0000000023140028e-10	1.0000000256405634e-10	1.000000079535581e-10	1.000000069594263e-10	1.0000003175659064e-10	1.0000000637498283e-10	1.0000032073512297e-10	1.0000002356033189e-10	0.09953569068788416	1.0000050611929898e-10
1.0000018811866373e-10	1.0000127356147095e-10	1.0000006315479909e-10	1.0000000180393725e-10	1.0000001090607234e-10	1.0000000002550987e-10	1.0000010038784478e-10	1.0000003097961155e-10	1.0000000675382542e-10	1.0000033561576598e-10	1.0000000178554272e-10	0.050295236321318604	1.0000002618438641e-10	1.0000058235176671e-10	1.0000000750622877e-10
1.0000012376151995e-10	1.0000294164550338e-10	1.0000009892354761e-10	1.0000000618639946e-10	1.0000000438863422e-10	1.0000001564018509e-10	1.0000004552054309e-10	1.0000000125312664e-10	0.008197971440309757	0.008193414002296819	1.000000014310572e-10	1.0000008859265903e-10	1.0000001774859063e-10	1.0000081221679844e-10	1.0000024280746787e-10
1.0000012786916024e-10	1.0000548327355426e-10	1.0000010167783464e-10	1.0000004333450907e-10	1.0000001132144963e-10	1.0000000322378818e-10	1.0000001717349074e-10	1.0000001384066926e-10	1.0000000689718489e-10	1.0000000834721657e-10	1.0000000752595664e-10	1.0000002440983567e-10	1.0000007028311352e-10	1.0000104417721703e-10	1.0000000079633682e-10
0.00830293651382432	1.0000125756573543e-10	1.000001060533205e-10	1.0000001997664381e-10	1.0000000848240869e-10	1.0000000671512109e-10	0.02482979393117879	1.000000084327947e-10	0.007520612400214087	0.007519376188904397	1.0000000385077289e-10	0.028362247008294712	1.0000007429562514e-10	0.00882435576844511	1.0000336997010124e-10
1.0000005081302178e-10	1.000011967963974e-10	1.0000000065227002e-10	1.0000001671694599e-10	1.000000095203913e-10	1.0000000396648513e-10	1.0000008229805644e-10	1.0000001024976881e-10	1.0000005988658329e-10	1.0000002453966785e-10	1.0000001328361683e-10	1.0000001339479227e-10	1.0000001996951244e-10	1.0000131177794325e-10	1.0000028115033728e-10
1.0000030246293022e-10	1.0000197725384437e-10	1.0000010467346069e-10	1.0000003534929557e-10	1.0000000725056304e-10	1.0000000153296537e-10	1.0000006106401016e-10	1.0000003165861955e-10	1.0000000183079611e-10	1.000000806259775e-10	1.0000000000897127e-10	1.0000001489531094e-10	1.0000003769110389e-10	1.0000064896483888e-10	1.000003202282134e-10
1.0000008137496936e-10	1.0000121765830334e-10	1.0000011114011426e-10	1.0000005996280575e-10	1.0000000435462552e-10	1.000000058543749e-10	1.0003875887750087e-10	1.0000000777535502e-10	1.000000205369694e-10	1.0000001436121827e-10	1.0000002655330456e-10	1.0000047115078169e-10	1.0000001759234296e-10	1.0000095295003618e-10	1.0000032896598189e-10
1.0000003052015707e-10	1.0000111916233418e-10	1.000001882221559e-10	1.0000003119373474e-10	1.0000001174280756e-10	1.0000000447964373e-10	1.020941951395895	1.0000000763564348e-10	1.0000000696896889e-10	1.0000007176539518e-10	1.0000001178598724e-10	1.0000001451989422e-10	1.0000002080774024e-10	0.9845970029852399	1.000000082836944e-10
1.0000000621053305e-10	1.0045437065233302	1.000000907662176e-10	1.0000002797217708e-10	1.0000000685623027e-10	1.0000000912709625e-10	1.0000013047116115e-10	1.0000000878756054e-10	1.0000137673561192e-10	1.0000000764610054e-10	1.0000006219587381e-10	0.04152341357070867	1.0000003357495038e-10	1.0000101090489159e-10	1.0042810684167471
0.9977577190027156	1.0000121730444591e-10	1.0069228739038527	1.0067265401321102	1.0070917655147436	1.002593152195261	1.000000817336296e-10	1.0067306532935918	1.003181494529482	1.0031818895143003	1.0070799874861691	0.9887565193295419	1.0025910662770205	1.0000153288421356e-10	1.0000016150587783e-10
0.015069767663603855	1.0000130796535369e-10	1.00000093268205e-10	1.0000003961500851e-10	1.0000244496665986e-10	0.006888666532085617	1.0319136857682343	1.0000001064111482e-10	0.006398580716169135	0.0063977268625071216	1.0000003124181931e-10	1.000000048967423e-10	0.0068895271341614574	0.9868231889952103	1.0000029227716928e-10
1.0000002578839728e-10	1.010623221610193	1.0000005635561656e-10	1.000001091461906e-10	1.0000001011858307e-10	1.000000043176375e-10	1.0000004982816784e-10	1.0000001017817025e-10	1.0000001257702497e-10	1.0000019613067837e-10	1.0000000142768355e-10	1.0000002837458774e-10	1.0000000586660938e-10	1.000009989716562e-10	1.0107134539170388
1.0000003616884084e-10	1.0000122402447272e-10	1.000001005576899e-10	1.000000219386577e-10	0.30337484444692625	1.0000000744247531e-10	1.0000007091393842e-10	1.0000000579115187e-10	1.0000003441394496e-10	1.0000000905211268e-10	0.3033743160435349	1.0000001370190949e-10	1.0000002484217652e-10	1.0000082547415118e-10	1.0000084486829327e-10
0.03430576705958623	0.0027598170328021728	0.3032492789678109	1.0000001675927906e-10	1.0000000878649188e-10	0.0032479512929540055	0.12534024005287578	1.0000000372836414e-10	0.31477436162071926	0.3147682239795019	1.0000000020594971e-10	0.13447531289149356	0.0032483209522423686	0.08582571782031542	1.0000006342205783e-10
0.27343884490459025	0.3033416257965711	1.0000020952262066e-10	0.3030403735900775	1.0000005506210476e-10	0.3024222406029422	0.18112672215767314	0.3030424840409925	1.000000148519085e-10	1.0000000033358699e-10	1.0000000377221919e-10	0.21105246090771485	0.302422828026295	0.2932612180051975	0.3046027028421686
0.011574780453623392	1.0000122251620404e-10	1.0000016852386671e-10	1.000000527357134e-10	0.3037953273449758	1.0000001348703529e-10	1.0000011623167532e-10	1.0000000159053212e-10	1.0000000723169955e-10	1.0000002159773318e-10	0.3037970619513871	1.0000032012425677e-10	1.0000005659876549e-10	1.0000074604248325e-10	1.00000021616564e-10
1.0000001335380424e-10	1.000006479871403e-10	0.30355327996723086	1.0000002143182284e-10	1.0000000523551096e-10	1.0000000355910006e-10	1.0000005858558161e-10	1.0000012096821317e-10	0.28096859036637206	0.28097453949076656	1.0000007572235127e-10	1.0000005167277431e-10	1.0000002134641559e-10	1.0000107622613394e-10	1.0000001146995769e-10
1.0000003593433854e-10	1.000014984427316e-10	1.00000111474204e-10	1.0000000305308099e-10	1.0000005231697046e-10	1.000000017643291e-10	1.0000000535628014e-10	1.0000000048494609e-10	1.0000001039825201e-10	1.0000013460137888e-10	1.0000001167108074e-10	1.0000000770857822e-10	1.0000002587944093e-10	1.0000070284940827e-10	1.0000003016105293e-10
1.0000000572926287e-10	1.0000135502532444e-10	1.0000007514487641e-10	1.0000000394563284e-10	1.0000005302538762e-10	1.0000000325186919e-10	1.000000526594295e-10	1.0000000341857247e-10	1.000000022028974e-10	1.0000001183521792e-10	1.0000005075376533e-10	1.0000008033444798e-10	1.0000001785494362e-10	1.0000825483427767e-10	0.003495375042410153
1.0000006569897112e-10	1.000269240058831e-10	1.0000004264934094e-10	1.0000003686266332e-10	1.000000106449347e-10	1.0000000222111324e-10	1.0000004903866246e-10	1.0000000239033361e-10	1.0000001015423811e-10	1.0000000926084492e-10	1.0000001270828852e-10	1.0000000589047936e-10	1.0000002239113994e-10	1.0000042206694281e-10	1.0000121172283188e-10
1.0000001834583991e-10	1.0000149730549802e-10	1.000001046390441e-10	1.000000151506907e-10	1.0000001327282404e-10	1.0000000342128496e-10	1.000000778023168e-10	1.0000000069907169e-10	1.0000001587359557e-10	1.000000147078129e-10	1.0000004524265751e-10	1.0000001300676376e-10	1.0000002503583143e-10	1.0000312420981582e-10	1.0000003268527597e-10
1.000000149767189e-10	1.0000146878422252e-10	1.0000007517709598e-10	1.00000040634032e-10	1.0000000876081322e-10	1.0000000166441293e-10	1.0000006930962098e-10	1.0000000210097005e-10	1.0000001464338869e-10	1.0000003074975944e-10	1.0000004336863326e-10	1.0000011450319072e-10	1.0000002516735791e-10	1.0000525245139234e-10	1.0002115490480482e-10
1.0000022713515228e-10	1.0000122824925567e-10	1.0000011382698668e-10	1.0000003472984846e-10	1.0000039063550954e-10	1.0000000163868028e-10	1.0000013596087777e-10	1.000000051720833e-10	1.0000000051127809e-10	1.0000003618226655e-10	1.0000000301519485e-10	1.0000001574034392e-10	1.0000001766241314e-10	1.0000100841822945e-10	1.0000011627526503e-10
1.0000004139378475e-10	1.0000065238505433e-10	1.0000008538688387e-10	1.0000006168419498e-10	1.00000011070455e-10	1.0000000178492454e-10	0.04839741984814771	1.0000000078951278e-10	1.000000016130279e-10	1.000001259574607e-10	1.000000037756259e-10	1.0000002757092317e-10	1.0000001984237038e-10	0.06753516993635347	1.0000001923938736e-10
1.0000001813980699e-10	1.0000108085197656e-10	1.0000004020836593e-10	1.0000020778645668e-10	1.0000001260879619e-10	1.0000001431675108e-10	1.0000012599916002e-10	1.0000003049497933e-10	1.000000073965e-10	1.0000002846936457e-10	1.0000001899741519e-10	1.0000032963379586e-10	1.0000001983257271e-10	1.0000100626020025e-10	1.0000000016526723e-10
1.0000000298409298e-10	1.0000078823668414e-10	1.0000001910538609e-10	1.0000003837840645e-10	1.000000075543414e-10	1.0000004498410297e-10	1.0000004181699022e-10	1.0000006132480828e-10	1.0000002124055677e-10	1.0000005411526768e-10	1.0000000636083629e-10	1.0000000343206425e-10	1.0000002565653366e-10	1.0000117623007121e-10	1.0000043130158748e-10
1.0000017405722916e-10	1.0000114415502053e-10	1.0000008026328457e-10	1.0000002242635517e-10	1.0000000719416619e-10	1.0000000416980197e-10	1.0000000429510263e-10	1.0000000498823285e-10	1.0000028474084919e-10	1.0000002592700787e-10	1.0000025042792036e-10	1.0000011007136408e-10	1.0000006315277084e-10	1.0000099528960408e-10	1.0000049397076579e-10
