0.10012381012438665	0.10026070779723698	0.10022435200088126	0.10022403372841299	0.026255489029779006	0.01826887671122511	0.1005057511146535	0.10022438778760932	1.0000001904544114e-10	0.09995368130295418	0.10012383819473367	1.000000096336813e-10	0.10012375773863173	0.018270935714515008	0.013026966414208307
1.0000000112441146e-10	1.0000000619742105e-10	1.0000000092768811e-10	1.0000000064601832e-10	0.07405118882823378	0.0819079971723123	1.0000000431381016e-10	1.0000000069270986e-10	0.08023369511125227	1.0000001848990213e-10	1.0000000000092438e-10	0.08501423758862446	1.0000000036694128e-10	0.0819056896704579	0.08482716446978182
1.0000000172586174e-10	1.0000000421490367e-10	1.0000000076677292e-10	1.0000012886440167e-10	1.0000000322745494e-10	1.0000000679856475e-10	1.0000017301211846e-10	1.0000002516454664e-10	0.020062441642296543	1.0000000004859114e-10	1.0000000158182939e-10	1.0000000153233938e-10	1.000000000411077e-10	1.0000001405426981e-10	1.0000000084297152e-10
1.0000000171413636e-10	1.0000000988320901e-10	1.0000004959235351e-10	1.000000064230674e-10	1.0000000193301586e-10	1.0000025206585942e-10	1.0000000063759696e-10	1.0000000843534554e-10	1.0000000270358135e-10	1.0000000093441127e-10	1.0000000470221238e-10	1.00000035350787e-10	1.0000000148716201e-10	1.0000003199282733e-10	1.0000000301386791e-10
1.0000000333814648e-10	1.0000001013365261e-10	1.0000000548096939e-10	1.0000000638467713e-10	1.0000003969089202e-10	1.000000321189377e-10	1.0000000415262887e-10	1.0000000386032437e-10	1.0000000335353045e-10	1.0000000049127702e-10	1.0000002580453265e-10	1.0000002525064526e-10	1.0000000006864834e-10	1.0000002161708233e-10	1.0000000021079703e-10
1.0000000258491219e-10	1.0000000260446988e-10	1.0000000255541862e-10	1.0000000356521073e-10	1.0000000336593617e-10	1.0000001191977605e-10	1.0000000011764701e-10	1.0000001300456996e-10	1.0000010673949697e-10	1.000000004280174e-10	1.0000000264429189e-10	0.014389374961705116	1.0000000588602567e-10	1.0000001548634333e-10	1.0000002883653729e-10
1.0000000227204067e-10	1.000000133544949e-10	1.0000000043809965e-10	1.0000024188675679e-10	0.02601157193987034	0.023018446675152703	1.0000000159993154e-10	1.0000001401653039e-10	0.024332150717972626	1.0000015330211008e-10	1.0000001471202038e-10	1.000000078440535e-10	1.0000000477889487e-10	0.02301895053983722	0.021717131715830278
1.0000001216802337e-10	1.0000001053019625e-10	1.0000000309845555e-10	1.0000001686372425e-10	1.0000000005697732e-10	1.0000000222891464e-10	1.0000000428873546e-10	1.0000000020206269e-10	1.0000000823881793e-10	1.0000000266104685e-10	1.0000000052641265e-10	1.000000073761156e-10	1.0000001343658569e-10	1.000000110828934e-10	1.000000009052847e-10
1.000000025956183e-10	1.0000003444971156e-10	1.0000000010164132e-10	1.0000001281026456e-10	1.0000000097822725e-10	1.0000000219597778e-10	1.000000010776812e-10	1.0000000095740372e-10	1.0000001603203774e-10	1.0000000050473365e-10	1.0000000436190751e-10	0.019523909785215877	1.000000061132203e-10	1.0000011136103646e-10	1.0000000038107291e-10
1.0000000109765101e-10	1.0000005898949626e-10	1.0000000342719383e-10	1.0000000904368742e-10	1.0000000195405823e-10	1.0000000725646588e-10	1.0000000316811965e-10	1.0000003027969335e-10	1.0000000289936643e-10	1.0000004010551767e-10	1.0000000151506858e-10	1.0000000367456183e-10	1.000000009216954e-10	1.0000002218019078e-10	1.0000000119555527e-10
1.0000000169012641e-10	1.0000003069591128e-10	1.0000000270162737e-10	1.0000004550481522e-10	1.0000000047878427e-10	1.0000002395517845e-10	1.0000000731635788e-10	1.0000000231792256e-10	1.0000002720176202e-10	1.005369963478753	1.000000328674702e-10	1.0000006307701806e-10	1.000001678517021e-10	1.0000005093885008e-10	1.0223064180495391
1.0000000161024685e-10	1.0035207733225644	1.000000004486807e-10	1.0000001216609995e-10	1.040825119078545	1.0000000966785948e-10	1.0056073157372507	1.0000000764635278e-10	1.0000001773818863e-10	1.00000005761432e-10	1.0000000472646746e-10	1.0000001099777997e-10	1.0000000003697624e-10	1.000000036121609e-10	1.0000000115332096e-10
1.0061747554633722	1.0000004612232297e-10	1.005972546229208	1.006004361712249	1.0000000002382978e-10	1.0263968108335861	1.0000002971695363e-10	1.0059726954655912	1.02084838660682	1.0000001580104382e-10	1.0061756226720133	1.0127961650223638	1.0061746563585363	1.026395070926238	1.0000000042924167e-10
1.0000000172969405e-10	1.000000000232475e-10	1.0000000021770138e-10	1.0000000679886744e-10	1.0000000363825204e-10	1.0000006221150221e-10	1.0000000985427286e-10	1.0000001485275263e-10	1.0000022381671908e-10	1.0068603409300394	1.0000003550754557e-10	0.017425472530194056	1.0000000118672251e-10	1.0000000015239645e-10	1.029383290051199
1.0000000167091404e-10	1.009144630636224	1.0000001273662746e-10	1.0000006070987083e-10	1.0112839602251213	1.0000008599612009e-10	1.0078680513812324	1.0000001567147277e-10	1.0000000466617614e-10	1.0000009082197571e-10	1.000000011729966e-10	1.0000001479274728e-10	1.0000000003702421e-10	1.000000190557163e-10	1.0000000334046108e-10
0.10149272864534065	1.0000000114933482e-10	1.0000000231455742e-10	1.0000011423266298e-10	1.0000000228920703e-10	1.0000000021175307e-10	1.0000000635396711e-10	1.0000000645808508e-10	1.0000001645403198e-10	1.0000002599350403e-10	0.10149269249917252	1.0000006360790502e-10	0.1014927090175223	1.0000000102649583e-10	1.0000000138161017e-10
1.0000000615112208e-10	0.001375148482990971	1.000000089211703e-10	1.0000004018589323e-10	0.10332388168632563	0.10187645408610294	1.0000025978808285e-10	1.0000000885111043e-10	0.11650347867089805	1.0000000062876279e-10	1.000000001327599e-10	0.1368456648596366	1.0000000553778297e-10	0.10187619926253585	0.10369852341445605
1.0000040888261374e-10	0.10200259194945992	0.1013531275927465	0.10136040323476633	1.0000000201355161e-10	1.0000005618151608e-10	0.10264284610136494	0.1013532988239605	1.0000000268351456e-10	0.10210849163455202	1.0000019344369254e-10	1.0000000627005592e-10	1.0000029450539556e-10	1.0000002121693194e-10	1.0000048410357186e-10
0.10166016170372331	1.0000000854011436e-10	1.0000000111602102e-10	1.0000000668742555e-10	1.000000017339058e-10	1.0000000910553768e-10	1.0000000679352167e-10	1.0000001009315807e-10	1.0000002104619984e-10	1.000000019362442e-10	0.10166008951213269	1.0000000854808843e-10	0.1016601677865124	1.0000002052680366e-10	1.0000000118295734e-10
1.0000000109236066e-10	1.0000001154269383e-10	1.0000000162768569e-10	1.0000000750168804e-10	1.0000000282690351e-10	1.000000127559194e-10	1.0000000513544204e-10	1.0000003501494282e-10	1.0000000278740266e-10	1.0000000657246506e-10	1.0000000986187532e-10	1.0000000591274527e-10	1.0000004603784118e-10	1.0000000569813258e-10	1.000000061283982e-10
1.0000000197661583e-10	1.000000000676209e-10	1.0000000204839379e-10	1.0000000410053152e-10	1.0000000643815897e-10	1.0000038435519371e-10	1.0000026976806498e-10	1.0000001465342476e-10	1.0000000414774104e-10	1.0000000069866207e-10	1.000000014667712e-10	1.0000001844549319e-10	1.0000000141161568e-10	1.000000142679773e-10	1.0000002002733963e-10
1.000000013222184e-10	1.0000001044232768e-10	1.0000000285985173e-10	1.0000000564659655e-10	1.0000000214832416e-10	1.0000000551137778e-10	1.0000004525659873e-10	1.0000027304605835e-10	1.0000000082905163e-10	1.0000000507247409e-10	1.0000000471583597e-10	1.0000001004376148e-10	1.000000052966681e-10	1.0000000940297836e-10	1.00000040034263e-10
1.000000011321109e-10	1.0000007944186524e-10	1.0000000036441353e-10	1.0000000394268373e-10	1.0000000211343048e-10	1.0000000096948188e-10	1.0000000632418258e-10	1.0000000022304608e-10	1.000000033500797e-10	1.0000000594146506e-10	1.0000000141377645e-10	1.0000000989003981e-10	1.0000000005434298e-10	1.0000001343076421e-10	1.0000000074017517e-10
1.0000000179241863e-10	1.0000000112549326e-10	1.0000000404771083e-10	1.0000000694457383e-10	1.0000000205631456e-10	1.0000000242173818e-10	1.0000002722133108e-10	1.0000000647841228e-10	1.0000000782188101e-10	1.0000014033239354e-10	1.000000023323448e-10	1.0000000471569528e-10	1.0000001110152418e-10	1.0000002414112789e-10	1.0000000118611322e-10
1.0000005857343736e-10	1.0000000407278091e-10	1.0000027370597068e-10	1.0000000013073556e-10	1.000000020659815e-10	1.0000001431698414e-10	1.0000002636735014e-10	1.00000048355325e-10	1.0000000432024697e-10	1.000000048256095e-10	1.0000000144106449e-10	1.00000023132449e-10	1.0000001081736036e-10	1.0000002704843148e-10	1.0000000050165877e-10
1.0000000016930879e-10	1.0000001885687549e-10	1.0000000323628806e-10	1.0000000783144775e-10	1.0000000147018856e-10	1.0000001262818086e-10	1.0000000920462997e-10	1.000000015443877e-10	1.0000000533333317e-10	1.0000000604083588e-10	1.0000000064313457e-10	1.0000032612556095e-10	1.0000002824755545e-10	1.0000002171151242e-10	1.0000001034165585e-10
1.0000005215010545e-10	1.0000000154258151e-10	1.0000005804773349e-10	1.0000001568433217e-10	1.0000000233590284e-10	0.043553137181554694	1.0000000711808412e-10	1.000000064350777e-10	0.05891641621292269	1.0000000042885016e-10	1.0000001135128177e-10	0.04546890577097756	1.0000002847174951e-10	0.04355031037133863	0.045988141906923415
1.0000000326481776e-10	1.0000000400614408e-10	1.0000000017616412e-10	1.0000000000319207e-10	1.000000001929283e-10	1.0000004658772583e-10	1.000000067862013e-10	1.0000000249912694e-10	1.0000001278306889e-10	1.0000002184222353e-10	1.0000000010734521e-10	1.0000001319867214e-10	1.000000036896051e-10	1.0000002220903882e-10	1.0000000343625894e-10
1.0000000584904867e-10	1.0000000661181953e-10	1.0000000532060095e-10	1.0000000093740088e-10	1.0000000105026633e-10	1.0000001179428177e-10	1.0000001762219677e-10	1.0000017304921846e-10	1.0000010080475793e-10	1.0000000029491605e-10	1.0000000002171485e-10	1.0000000008361947e-10	1.0000003936925478e-10	1.0000032259299924e-10	1.000000090370982e-10
1.0000000125074632e-10	1.0000001578532306e-10	1.0000000047765593e-10	1.00000010644065e-10	1.0000000159452964e-10	1.0000001188454522e-10	1.0000000842310395e-10	1.0000000015220674e-10	1.0000000100736483e-10	1.0000000235928431e-10	1.0000047833586124e-10	1.000000069102205e-10	1.0000000479478616e-10	1.0000002491163848e-10	1.0000000610091547e-10
