0.9722770753027467	0.8843171582385344	0.9624828879417197	0.9655369556427515	0.9544407405940687	0.8882282688458134	0.9651313839530561	0.9655423691576548	0.9654176853751556	0.9651678280419331	0.9729215131185305	0.9695517638235459	0.9651468036107215	0.9689780257583264	0.9633170718508024
2.2165685004028306e-9	0.15561765866893437	0.07867157234641388	0.07711999952897222	0.08136871037467991	0.15239795139306167	0.07750097611614269	0.077122703124714	0.07723620482787562	0.07747494892030587	0.0702568544614649	0.07345138627829505	0.0774619485865331	0.07387865242359362	0.07817796384707121
8.832903694950234e-9	1.958875660917549e-6	4.547730983021718e-5	1.5565176938970642e-7	0.00018945298470543	1.6430304729151527e-10	2.366029498828549e-8	1.8452133048268022e-8	3.789267171380137e-8	1.6255931749937787e-8	5.753218386509217e-9	2.2150685258876942e-8	9.840584267745312e-7	5.805674070915589e-9	4.0150091328976344e-5
0.03513996035948065	3.979620177671531e-6	0.0001244338946136173	4.897181469123055e-7	0.0005184773315761429	7.434941943115831e-6	2.6919635417832374e-7	8.24033484371973e-7	1.6212737659927819e-10	8.959258624536008e-8	1.0201617270314457e-10	2.324692347797283e-7	3.2407204030208884e-6	2.8623203180460002e-5	7.149970506562587e-5
1.0254618718658395e-10	7.591903414665055e-6	4.5395584282439944e-5	1.5641164045693076e-7	0.0001909759820783483	1.6918929612982757e-8	4.918756226800335e-9	1.9374333544005862e-7	3.67482657197283e-10	1.0099254984157683e-8	4.7375201086129636e-9	1.37499574648855e-9	1.5026234986851003e-6	3.266351467487252e-8	3.8985655426623105e-5
1.6127647378224282e-9	5.9993120581766546e-9	1.0709963686251126e-6	3.3246991329081813e-9	4.080973707875958e-6	1.0079843365508564e-10	8.169848925378859e-10	2.7561442519188156e-10	5.164685083836277e-10	2.392014940102233e-10	2.5068278944175023e-9	1.8512666371113883e-10	4.3075112513675855e-8	1.1072528382365783e-10	9.745086272178622e-7
0.0006485624132170117	0.0010128751892279748	0.0008240892603385983	0.0008239865176879518	0.0008237194442975153	0.0010051248087730427	0.0008242910505239272	0.0008241162182883688	0.0008239654701893728	0.0008247672134991811	0.0008160045215823394	0.0008255470233495911	0.00082406546365337	0.0008271009846180622	0.0008233285072383783
8.265014887669999e-10	2.2526857852988646e-9	4.681721319963525e-7	1.3774073095937351e-9	1.7171907128065353e-6	1.0100580083215541e-10	3.575811822793143e-10	1.6457845683663966e-10	1.2104698581973265e-10	1.073860228522357e-10	2.4298022708835335e-9	1.16542784226092e-10	2.1217304522320923e-8	1.6755512614398333e-10	4.245806807454672e-7
9.27035040024481e-10	3.0071534844982682e-9	8.077807787260876e-7	2.395225086246194e-9	2.9691631632334145e-6	1.1961502214382187e-10	6.629664231613224e-10	2.463939728148726e-10	1.0903707414402737e-9	2.0931024904619642e-10	2.766358818932427e-9	2.6056589643036307e-10	4.396690462036049e-8	2.9697888025585013e-10	7.317532828228604e-7
8.398844599100488e-10	3.0910223376099576e-9	4.7065009003550683e-7	1.3938861636408463e-9	1.7308731369937488e-6	1.0168700416666401e-10	5.76139590741943e-10	1.9990990136423345e-10	4.3204691500174843e-10	1.21703492528535e-10	2.3791221401451532e-9	2.300505989571448e-9	2.196092225299913e-8	2.509109772695908e-10	4.215166669226554e-7
1.0278348011086831e-10	1.0403793494791718e-9	0.0001322284876717648	5.49137835486881e-7	0.0005226497852974278	2.3055494935392027e-7	2.524893232402646e-8	9.588492596843896e-7	1.4126734717240803e-7	6.297041072120089e-8	1.000465079788702e-6	1.0211462527360137e-10	3.2306919252344884e-6	6.297363348604497e-8	0.00013093154857308153
1.6214134870162828e-8	1.0386410192900515e-10	7.184862435633784e-5	1.6406827417504407e-7	0.0003198092317045874	4.745382754937715e-9	4.6453164539217924e-8	9.629268858348683e-8	7.140730405630386e-8	2.5505177362351142e-8	1.891389417455863e-8	1.2786627057364245e-8	3.0414829593293553e-6	5.710245430218682e-10	6.595374383330983e-5
1.0051904255987185	1.0157241997334747	1.0140855735265892	1.0145059737695166	1.0128948625217002	1.015713460416809	1.0144791743756831	1.0145154102007274	1.0144859307744707	1.0145099687594867	1.014818339498632	1.0152853962121944	1.0144576259158913	1.0153306798575366	1.0141288739961396
8.257060818299357e-10	3.5189189479545245e-5	0.00014081040188562051	5.030412245429923e-7	0.0006318600020880906	1.094065710729567e-9	1.4344055993683186e-8	1.9240979410879996e-8	1.3411129451688467e-10	2.3888279010179445e-8	3.332549304331401e-7	3.6288682819199126e-7	2.7453761523806374e-6	1.0466356921652666e-10	0.00013332370479267555
1.4969905223354571e-10	0.021054333395941423	0.003344652727037867	0.0024137419717071675	0.005362334348989559	0.02024758415265327	0.002566841546392352	0.0023966059868825635	0.002481736577905058	0.0025015715332425306	4.934473353913316e-9	3.0272369749358906e-6	0.0025879574852742384	3.914376908336692e-5	0.0031397606832408312
0.04501362446295356	0.04507411691512297	0.04481190246184548	0.04563157689688688	0.041936680508937486	0.047563225048429573	0.045615909220692606	0.04563621800613154	0.045631589413284136	0.04562279400199188	0.04599071135777912	0.04582390985958344	0.045606112571906256	0.045787552564871575	0.04495822378794412
0.01383674410278985	0.06738448467807014	0.02178094865935956	0.02002438263405234	0.0263833833500299	0.06493555687291004	0.020256916310101798	0.020019247548235298	0.020092461993212827	0.020235476281305505	0.015789496778333894	0.01766687078544771	0.020250993810552533	0.01799889563545299	0.02129511976404552
0.07388174189779764	8.455395444306398e-10	0.04696123835447578	0.047984668348619336	0.04502374085362219	4.852056747600843e-10	0.04775933797080548	0.047983747048378385	0.04791483519035906	0.047773134607125636	0.05206210565116457	0.05019692966359305	0.04777767519715475	0.04991811897586567	0.04728529834929598
1.8548486160939972e-10	0.000634516664589604	7.024821453182943e-5	1.937497906293795e-7	0.0002854048360557696	0.0027607528765147774	2.907536581689094e-8	3.284981326920343e-8	1.065706738145103e-10	1.9769582722678078e-8	1.810443251482523e-8	2.2946996500950668e-7	1.1292345240950545e-6	7.076154872986098e-6	6.552887717722113e-5
1.4599963215611344e-10	0.0001871692905958811	7.035978279576713e-5	2.8196838183210514e-7	0.00029200715081937245	1.5890619472010438e-6	1.0037849242782372e-10	3.366502691737639e-7	1.434889669085543e-7	1.9420564802941152e-8	5.096132977455942e-9	1.0087768107082566e-7	9.250954591108483e-7	2.8316342068724553e-6	6.380745359372882e-5
2.7838064012017824e-8	8.66226368778093e-7	4.327721950035874e-5	2.756225982774604e-7	0.00017378850643435335	4.2494138484000235e-7	4.6079990096977275e-8	3.994217184441885e-8	5.6940167477260975e-8	1.6925302567994776e-8	4.914450709707502e-9	3.423848628032728e-9	8.106515745864595e-7	1.4831907348986397e-10	3.9526768110291206e-5
7.238860869543286e-8	4.0411761078334555e-7	0.00023915448281689396	2.1073001020604316e-7	0.0009697821664580327	1.5457392709629538e-7	1.6851044703897274e-6	2.606804646788199e-6	2.9857108606519915e-10	2.054984287604345e-7	2.1769118109421926e-10	1.744754650778245e-7	2.993952288285888e-6	1.0244765252779459e-10	0.00021622780259594464
1.1854550401001742e-10	4.35431084828875e-10	0.00012305294448041983	7.935782244151311e-7	0.00048806493672393753	5.670392895767994e-8	1.1996537004119666e-7	1.7520054664016527e-7	2.022724779210846e-7	5.8292355180198544e-8	1.325204911712695e-8	8.664132741549582e-9	1.4008250259826449e-6	1.01084829148941e-10	0.00011692502085422614
1.5967118066821014e-8	2.168088711847033e-7	3.447583044959073e-5	1.7465870665815839e-7	0.00013953751520229886	8.744011395990137e-9	1.4623350901179233e-8	1.606455242697359e-8	1.4031304561816613e-8	9.838516447190964e-9	6.549204319949041e-9	6.565633607844306e-8	4.96339713473187e-7	1.029083063525605e-10	3.101563143640126e-5
5.269816036154607e-8	1.9324918464502492e-7	3.029669667288109e-5	1.251907474107631e-7	0.0001228629104464813	1.0113131636694417e-10	1.5632841715548497e-8	1.3242913351133445e-7	3.776401978509392e-8	7.728334694424992e-9	8.223817726921947e-9	1.0924563656121223e-8	6.777140814619375e-7	1.0566405490097111e-10	2.8571394662956143e-5
6.164148123837274e-8	1.4824049598846555e-6	7.232655893985066e-5	3.005594701371886e-7	0.00029257084654556024	1.467487654939997e-9	3.731548614971887e-8	7.658541235590922e-8	1.0756181800309047e-7	2.4359517812751333e-8	1.8215806979922653e-8	3.018376389133862e-8	1.2910274468112873e-6	3.239820245054783e-8	6.487608017875878e-5
3.6932500016692495e-8	0.09323052347615136	0.011356041997588153	0.009185037028014235	0.015247578006908975	0.08964722770895989	0.009724343504154033	0.009150908560082351	0.00938897527138981	0.009583701956620536	1.8050049023921038e-7	0.0022450698631765477	0.009733166136009448	0.0025981486137422218	0.010627906971137913
0.006800938638957363	5.12669025958151e-9	0.0002691016749542353	1.3479417554045948e-6	0.0010225184810023487	5.979745596948582e-7	1.714646992850261e-7	3.0457408089730505e-7	6.784030788131575e-8	1.1870942992191806e-7	3.266755443261561e-7	5.7289177066392e-10	1.3219590889496665e-6	4.9157969483941365e-8	0.0002567385694595121
2.4095175616902335e-8	1.0875816728874944e-6	9.383388783642079e-5	3.4763219887940213e-7	0.0003884458531286252	8.880576061985297e-7	4.699225093211845e-8	4.3838667546400767e-7	6.602662043157228e-8	3.0849466118396045e-8	9.377363728140655e-9	2.6968071702823265e-8	1.2457321407011357e-6	3.478944408351691e-8	8.756472787175351e-5
1.002747288395653e-10	0.000657678998441125	0.0019839805237615005	2.055194785971514e-6	0.008845133453802272	2.750921491431767e-5	5.18708153283743e-7	1.8578134893278514e-10	2.625793031126764e-7	5.092207585009805e-7	7.317630026508154e-6	4.980787378777595e-7	2.4963613408870368e-5	0.0001244519901976843	0.001734052075545908
