1.0646938419335574e-10	1.0009603775637269e-10	2.9681599194564914	1.0832239266211286e-10	2.9692414904722173	2.954255838241713	2.9693463767735517	9.805756933190643e-5	2.970532404306968	1.0072289879982705e-10	1.0001465245712006e-10	2.843310949328586	1.0323820634324861e-10	0.002563793994921086	2.968505441703242
1.0158688685477164e-10	1.0004662093009936e-10	9.684868548455878e-5	1.0142281713378362e-10	9.275517305534341e-5	1.0555870364188011e-10	9.339274005732581e-5	6.019825981200682e-5	9.396679246948267e-5	4.686627122955981	1.0001240944800682e-10	2.0091533946846167e-5	1.0141519148389335e-10	1.8656956054686223e-8	9.624822265735393e-5
1.0191295783713293e-10	1.0001567417969958e-10	9.600007071975141e-5	1.0008936227519567e-10	9.211458853068434e-5	1.0193959348307219e-10	9.251244116946108e-5	1.7025463918293122	9.3151783966961e-5	1.006543060996389e-10	1.0000918155123086e-10	0.0006542793839036481	1.0013326509075619e-10	2.4132015025827717e-8	9.497323521596017e-5
1.0093094533193622e-10	1.0000032460916687e-10	0.00011093939981081364	1.4991793901413617	9.79521065696945e-5	1.0136164354854573e-10	9.974183268697236e-5	9.233307502884688e-5	0.00010116593849046642	1.0063379955765201e-10	2.0784153186607353	1.9492115595656794e-5	1.6594735920584913	0.00110593984615797	0.00011857962773366312
0.7078537435840592	1.000055685028022e-10	0.00011053514222400807	1.198611761183871e-10	9.759891354582082e-5	1.0127446344969675e-10	9.95455866778497e-5	9.474213157617775e-5	0.00010093101422456541	1.008420176668353e-10	1.0000621595578258e-10	2.0421713201305142e-5	1.0257989228788129e-10	1.8656693270933498e-8	0.00011797714652491451
1.0075104859938732e-10	1.0038750137982392e-10	0.0006681305877675976	1.8467077416766903e-10	0.0007414278580846813	0.0008789943537063362	0.0007365546601988287	1.7613295278276933e-5	0.0007374368752383639	1.0069337682917051e-10	1.0000585224660446e-10	3.091161015763924e-5	1.0128418780063789e-10	1.6099319997796537e-10	0.0006975338043918065
3.335885186209036e-7	1.000271866390415e-10	7.303536113260252e-5	1.028910445249517e-10	5.742944378149956e-5	1.0146766695225723e-10	6.001492813268202e-5	2.5911759651743212e-5	5.852857345920667e-5	1.0084762658152293e-10	1.0001457578894428e-10	0.000794527193894111	1.0001269843742343e-10	1.0125754863452693e-9	5.989512589389472e-5
8.988887367265256e-9	0.00025701094702837885	9.159293453463051e-5	1.0536031038872797e-10	6.406805760130854e-5	1.0173181746920436e-10	6.829422893672469e-5	0.001377034965395089	6.84733946185929e-5	1.0068754773620095e-10	0.0061828903804035905	0.00020675058042248109	1.0000210650816027e-10	1.6877651264351828e-8	9.168081950385832e-5
1.0277093182178831e-10	1.0001583910232209e-10	6.30306867993686e-5	1.00022751103089e-10	4.4382821230071986e-5	1.0097673394752096e-10	4.7040478104702736e-5	0.0007311623991091785	4.6727707179638763e-5	0.007139458538531615	1.000164980051552e-10	6.124933090206692e-10	0.002801990828887787	1.1611889538378128e-8	7.888312337584622e-5
0.0008663383232435215	1.0001641029330267e-10	7.646786096821455e-5	1.0055046167278159e-10	4.950461229110617e-5	1.0635148515192083e-10	5.080228108729789e-5	1.9238544184981095e-5	4.942936377576065e-5	1.0076023688466593e-10	1.0000602549634878e-10	7.734473756786459e-6	1.0053437649050703e-10	1.7422468402046093e-8	6.861809265721712e-5
1.033002749990769	0.5795679989999819	6.318744958160944e-5	0.00672887154957297	7.051066175351746e-5	1.0068762960665376	7.440110811464912e-5	6.173973270756284e-5	7.604283402080752e-5	1.0074922076409145e-10	0.743258562791703	0.3700028252077618	0.07291147574174216	4.399385197179426e-9	6.801477550119664e-5
1.0095319838553231e-10	0.351391098814764	6.0753937128903184e-5	1.0005205940620486e-10	6.618434941687139e-5	5.232979070567032e-6	7.109547857999182e-5	1.8752531473732787e-5	7.250206613037967e-5	0.5523379410311102	0.5998409674891566	0.626101606972886	0.5591662133613877	0.0005866632517893671	6.768084908299581e-5
1.0240489972194122e-10	1.0000031633561343e-10	1.0058965383924847	1.0191091981302407	1.0057194570107073	1.0195162939786696e-10	1.0056535531655832	1.0940502075989316	1.0056564409919873	0.8646772180297959	1.0000257445991525e-10	0.00018878684988440458	0.42822719924205593	1.0006079194958823	1.0056071628887857
1.2765749843038097	0.9687152756294442	0.0002858015585721517	0.0004630490866826448	0.00014927924041957145	1.0094456937385783	0.0001071088914030515	0.00016632460594734726	9.916038814822071e-5	1.0101277215372572e-10	0.6220394972651073	0.4034471538387984	1.0008124030632272e-10	1.2476292057646603e-8	0.00034251729483261863
1.031244592735453e-10	0.02248172462846602	0.0006341247583526308	1.0162134742076755e-10	0.0016738315474432483	0.0002470237673107581	0.0016610136285207895	0.00011535302905173559	0.0016972351703636239	1.0070583576322009e-10	1.0000085839140449e-10	0.6092366742315597	0.4894015465896239	0.000960665645764385	0.0005826173995433779
1.02231072303837e-10	1.0000185078689145e-10	8.394846729565852e-5	1.0024893293125372e-10	8.751497866577121e-5	1.0197047688977004e-10	8.667717253817747e-5	7.366939136386696e-5	8.68211706663139e-5	1.8676884494133694	1.0004950374160487e-10	1.823445429545596e-5	1.0003839081433035e-10	1.8893077312229706e-8	7.864403423533493e-5
3.8746845596531694	1.000149914428684e-10	8.482039189080185e-5	1.4900086244044306	8.829057883036138e-5	1.0150568822557016e-10	8.753915719061242e-5	1.6828117356483583	8.767128237364283e-5	1.009374334578151e-10	1.0000066524900053e-10	1.797052945794563e-5	1.6439815257727812e-10	1.3958909564940387	7.98450916761071e-5
1.0475331773059419e-10	1.0005605832215467e-10	2.9621092037625316	2.353690096302671	2.962956664167923	2.973634951626239	2.962161790173476	7.513503684500765e-5	2.9637293041318094	1.0075043375626193e-10	2.8205994245346453	2.913386273473668	2.3011515255631227	1.510283781575901	2.960590392294989
1.0364508270509506e-10	9.16230155444242	9.086018306323365e-5	1.001909112136871e-10	8.826910884771276e-5	1.0062629097880667e-10	8.784462971714859e-5	3.714844251800647	8.783523611848394e-5	1.0084566233715435e-10	1.0003300850451083e-10	0.014216373984835766	0.9927373875355858	1.4030286386002984	8.790956680693762e-5
2.204863231340333	1.0000006247722476e-10	8.977613127296819e-5	1.0005526173795528e-10	8.750932537831475e-5	1.0142280878201542e-10	8.698409421407998e-5	0.00010700508597584586	8.697765795167725e-5	1.0072289268566318e-10	1.000049790727356e-10	1.962062883062704e-7	1.0102607619409286e-10	1.877634868148634e-8	8.618817332803711e-5
1.0197682801635185e-10	1.0008234808099731e-10	5.639285452465769e-5	1.0962425255079941e-10	6.779359902613236e-5	1.0049483905525227e-10	7.788723825744996e-5	0.0007169689067826264	7.880831436388123e-5	1.0041638315533914e-10	1.00005889141523e-10	0.008751907951631433	1.0037216521606656e-10	1.0031051293197541e-10	7.075287760361154e-5
1.0123093405192052e-10	1.0000941703911095e-10	6.445416298579713e-5	1.0012509380449929e-10	8.32436655175552e-5	1.0188909296424947e-10	8.836293604227073e-5	0.00033714793287862785	8.859741956310127e-5	1.0074923087893336e-10	1.0001604656246789e-10	1.4229933450185205e-6	0.17016869312463462	8.955760844644061e-10	7.009416160394143e-5
1.0082315099249368e-10	0.3850631593061827	6.811484095650175e-5	1.0002047337100465e-10	7.665644119800633e-5	1.3972832831013977e-10	7.871231529009773e-5	0.3558904377256635	7.811099904004538e-5	1.0060369338565793e-10	1.000034792527037e-10	0.0032261333396811503	0.0025908025054055092	2.512346058581689e-6	6.731940683960212e-5
0.00022486771464499784	1.098908321288928	7.269492857257803e-5	1.0065730519125722e-10	8.410738172309259e-5	1.0177222091011957e-10	8.497789365146106e-5	0.0001740932847552351	8.466075630966083e-5	1.007691698425276e-10	1.0000819530570018e-10	2.0788375347234645e-5	1.0131579097346451e-10	1.443026071277781e-8	6.953700516753344e-5
1.0691360054960503e-10	1.0003726813554096e-10	7.633921007270549e-5	1.111368058977062e-10	7.718946373382766e-5	1.0139926303316614e-10	7.611395771772856e-5	0.00012452438401806002	7.526442187532003e-5	0.019684074645802366	0.06993515440649263	1.8508659849676062e-5	2.6588518874905437e-10	1.8781974907562617e-8	6.950398426149066e-5
1.602031406920065e-10	1.0005866116840943e-10	7.754206194470995e-5	1.0337132106221667e-10	8.021820088925656e-5	1.0150636893652516e-10	7.904969440844453e-5	8.654473434041032e-5	7.889743378813807e-5	1.0073454592368813e-10	1.000050441944452e-10	1.7079725522866012e-5	1.0032336141784945e-10	1.8766581062509848e-8	7.272432973589693e-5
1.0124905055400448e-10	1.1655709513072756	7.728316766996926e-5	1.6028818687811	7.991457287829239e-5	1.0084021337285927e-10	7.878244520861205e-5	8.989460100129774e-5	7.860767241375284e-5	1.0071898355593801e-10	1.0000828249648997e-10	2.0967120760895374e-5	1.7297752962818322	1.878543913835517e-8	7.250083996496717e-5
2.4327713761166794	1.0000020518586915e-10	8.203786275274707e-5	1.054015166289713e-10	8.410257291273268e-5	1.0119016125010082e-10	8.290667899791128e-5	3.1660127896940815	8.277270001731313e-5	1.0081157025551952e-10	1.0002531418637712e-10	1.9387406921257814e-5	1.0080994251504037e-10	1.9043193280927585e-8	7.685768698236982e-5
1.020751507524253e-10	1.0000113088423769e-10	8.161775445180514e-5	1.0120122212911853e-10	8.36229013614589e-5	1.0137227556123964e-10	8.239154901072771e-5	9.344998557427477e-5	8.227601068119007e-5	1.0038405752899751e-10	1.0003180291287307e-10	1.875242861716663e-5	1.0083016363731269e-10	1.881593983173056e-8	7.640577804286524e-5
1.5973327729666726	1.0038301069966141e-10	8.678919815227658e-5	1.0882518316063194e-10	8.758282218306035e-5	1.0046274738065258e-10	8.67982035054983e-5	0.00010207054281196831	8.681079647188647e-5	1.0070712013706066e-10	1.0001328757192091e-10	2.0928532981997763e-5	1.0072317518709042e-10	3.3556787650060267	8.218480623111678e-5
