1.223075268177921e-10	1.1464804829580011e-10	9.289851199387636	3.7367682927023917	1.2688542782673269e-10	1.0001902953522209e-10	2.3229343671290408e-5	1.0004105498529096e-10	9.15513091401936	21.621614310624278	1.0000008492747604e-10	21.76767857811481	10.31230937250173	1.4231382301196622e-10	1.022595893053628e-10
3.549689350505971	11.512023430943998	1.0000000053735465e-10	38.75332943177186	1.2701812854389214e-10	1.0005818097098133e-10	1.3731428750869415e-10	6.998888650882733	1.0005566037418689e-10	1.0000024539507542e-10	1.0000001235186425e-10	1.3776678643432858e-10	1.0000000625536829e-10	1.5043597742826509	1.045423439849343e-10
1.228195045388168e-10	1.340177554696169e-10	1.0000000263092978e-10	7.770125853626034	1.2668645989942704e-10	1.0002290508475444e-10	1.3081049560147778e-10	1.0004446354538427e-10	1.0004691627417134e-10	1.000006557813486e-10	1.000000375020625e-10	1.372414590170142e-10	1.000000775579805e-10	6.156009735262446	5.8118429724094165
7.769928754109781	1.4290823837283344e-10	1.0000000010890662e-10	4.729943219464748	1.269563001303699e-10	1.0003612007231251e-10	4.451675356599103	1.0016981303367409e-10	1.0009591763139773e-10	1.0000020031194964e-10	1.0000959859172521e-10	1.375544249178679e-10	1.0000000067848656e-10	0.0005615960433273086	1.145959218631818e-10
1.2287967512298391e-10	1.2687076027027535	1.0000000112281488e-10	6.0189687850434255e-9	1.271597959362603e-10	1.0003657501913674e-10	1.2264281780861596e-10	1.000172318124017e-10	1.0001065223702736e-10	1.0000012427853991e-10	1.0000011241906206e-10	11.026787520822163	1.0000005896655176e-10	1.4052502050037652e-10	1.0064668200318388e-10
1.2272045407731092e-10	1.3547613487955786e-10	1.0000000234738343e-10	3.381563622298419e-5	1.2702118643854915e-10	1.0003569202275667e-10	1.4220328901505879e-10	1.0086431945410876e-10	1.0001111961827021e-10	1.0000031904840209e-10	1.0000006878512745e-10	1.384193223247043e-10	1.0000000209394491e-10	1.4150465908402646e-10	1.0319670481652941e-10
1.23147510746889e-10	1.3742410883422753e-5	1.0000000040374881e-10	6.262120353350803e-8	1.2699653253923647e-10	1.0029355486078651e-10	1.248063813003999e-10	1.0000000004716116e-10	1.000742903503767e-10	1.000003417284821e-10	1.0000021168918585e-10	1.3759588909463597e-10	1.0000000688695485e-10	1.994637924100808e-5	1.0371406265905256e-10
0.00034105541794251387	1.3214182912200894e-10	1.0000000045581099e-10	3.432096663905396e-9	1.2695929571698173e-10	1.0023994924580123e-10	2.154602891012897e-9	1.000728393834754e-10	1.0003566442958248e-10	1.0000075014347919e-10	1.0000003692292164e-10	1.4270203610530358e-10	1.0000008456151034e-10	1.4361331505497204e-10	1.0014137440950555e-10
1.226813781900606e-10	5.546131169881845e-10	1.0000000287078805e-10	2.632476853381873e-9	1.2700416170299637e-10	1.0000302899873701e-10	1.3940964235602996e-10	1.0000000308922667e-10	1.0004644963962359e-10	1.0000012826057955e-10	1.0000000701773451e-10	1.5171821231521444e-10	1.0000000001062754e-10	1.3597252421696364e-10	1.0042367668759471e-10
1.2258414990743659e-10	1.3364631172890762e-10	1.0000000019674569e-10	5.261768504488114e-10	1.2635226164860322e-10	1.0004045910488718e-10	1.3383963356119912e-10	1.0018990819494016e-10	1.0009384643722309e-10	1.0000043483299697e-10	1.003262270079859e-10	1.4015474883411513e-10	1.0000001658967816e-10	1.436474852130466e-10	1.0258028725181914e-10
1.2283754627615288e-10	0.6475269533707951	1.0000000249917669e-10	2.684024298959259	1.268336508226947e-10	1.0008661792152589e-10	1.2407965409292882e-10	1.003253390982298e-10	1.0000785758553471e-10	1.0047949185975313	0.16714434063828887	1.9802817430540876	1.065402757343609	1.441469075227546e-10	1.0917179702082207
1.1934944508396406	0.69614706722637	1.0000000027088088e-10	3.708364446355859e-7	1.2692017877947618e-10	0.7400624337176261	1.294552972288889	1.0026528310552022e-10	1.0010682617161618e-10	1.0000042292702575e-10	0.7398609089916134	0.0034896829746435772	1.0000004738898145e-10	0.3002636583853733	1.0335425599959483e-10
1.2180747953474108e-10	0.21794658649274373	1.0165143530241132	0.536794858131256	0.588693716185996	0.168314859818565	1.342601255528086e-10	1.238914234711026	1.0217494512488092	1.0000033477335754e-10	1.0000001650324738e-10	1.380095950750744e-10	1.0000009829420615e-10	0.7327613209793007	1.099224056259234e-10
0.09487419895740166	0.37587119908650446	1.0000000499374204e-10	1.888390582007848e-6	0.7401129784950845	0.7430221960821669	0.01740749140675949	1.0121250675450674e-10	1.0017593602908123e-10	1.0000004246131527e-10	0.9099504712700768	1.318580039810634e-10	0.8064837974129935	1.4584919157911985e-10	0.4791057830753823
0.44838631650645155	0.7076131717614286	1.0000000121249674e-10	6.033168213974862e-7	1.2699928741084666e-10	1.0010905227145542e-10	0.5282897171456212	1.128698725872959e-10	1.0002938317837619e-10	0.8670896677512709	1.0000006672256047e-10	0.01675363385631902	1.0000006490936861e-10	1.3864241935264884e-10	1.000049689808517e-10
1.2268098494508907e-10	1.342188725391434e-10	1.0000000125692555e-10	0.48505351474988334	1.2694737842389862e-10	1.0000426234123168e-10	1.193106347315268e-10	1.0002436503284462e-10	9.493432796800327	1.0000071453897676e-10	1.0000001338944792e-10	1.3761203005454961e-10	1.0000013253176941e-10	1.415097241693653e-10	1.0134216468873961e-10
1.227350357636613e-10	11.311187133263513	1.0000000746196835e-10	1.8787049877262576e-6	1.2684356375198032e-10	1.0001481153112925e-10	4.1523140306817476e-10	4.1576515527230855	1.0003663867679873e-10	1.0000029219214442e-10	1.0005207688520255e-10	1.372579718541945e-10	1.0000001913236575e-10	1.414704608743245e-10	5.630402868308728
1.2160868405255143e-10	0.043400155689669075	9.516707544781724	1.0000000000000068e-10	7.61375404445126	7.105077303876205	1.2766659257375763e-10	1.0002001107631096e-10	1.0005322964606566e-10	3.3377260433091602	7.066849925247279	1.3690921141407065e-10	1.0000028898529977e-10	1.4194042340150093e-10	1.0000439627918853e-10
1.2299244400291028e-10	1.3336837602390818e-10	1.0000000089851466e-10	0.00021546222610963338	1.2699812017601925e-10	1.0002882412962305e-10	21.193623392315217	8.759474871002825	9.512118961341239	9.043683256975743	1.0000002846637638e-10	21.331086712062284	12.064949720673638	47.074560321652314	12.53114365529302
1.2277438169471123e-10	7.088555340120318	1.0000000582725739e-10	0.0005290433897031182	1.269990996498917e-10	1.0051358664988175e-10	1.3491014196795915e-10	1.0002749111229718e-10	1.0003115941711206e-10	1.0000012843375538e-10	1.0000001979660574e-10	1.3768703085575965e-10	1.0000000034183675e-10	1.4329013720791818e-10	1.0002420729073422e-10
1.2274137209359913e-10	1.557123847159423e-10	1.0000000374946122e-10	3.7024772314988377e-7	1.2695098505284666e-10	1.0010893998759667e-10	1.3904684165758544e-5	1.0007943428667076e-10	1.0004074882609918e-10	1.000004248818792e-10	1.0000007819074914e-10	0.035364233336144045	1.0000011719026289e-10	1.418780720952012e-10	1.000000714225332e-10
1.2273117906453145e-10	0.0027039061094841703	1.0000000259915573e-10	0.0035729777443975945	0.1962334086685463	1.0005859511382408e-10	0.21917271201583083	1.0000004507167208e-10	1.0000048170764572e-10	0.16357858509022294	1.0000009018238826e-10	0.0012981191182663723	1.0000012621236077e-10	1.3985307642117706e-10	1.0370921177441318e-10
0.4705029014365138	6.377053367995157e-6	1.0000000261420182e-10	0.5274068869077835	1.2701076244072837e-10	1.0003833047988197e-10	3.151471793108921e-7	0.33571670672855136	1.0001516155105022e-10	1.0000027049617964e-10	1.0000001139411933e-10	1.3865615117866434e-10	0.275016201888989	0.37902407763252816	1.0104237421790467e-10
1.227326693024518e-10	1.3618118156489838e-10	1.0000000115712414e-10	0.009515218363876761	1.271122290000998e-10	1.0003831473318408e-10	0.14648539184926612	1.0001649110014839e-10	1.0568365074179242e-10	1.0000039927183035e-10	1.0000005036361642e-10	1.3779673882207287e-10	1.0000003333476589e-10	1.8092490296978658	1.0047176533072425e-10
0.2249364319625016	3.1223189005762615e-8	1.000000011167646e-10	6.890305197404979e-9	0.021146331889171244	0.21738945865275838	0.46228262615981175	1.0020853660092813e-10	1.0121393245066956e-10	1.0000001525041184e-10	0.21720057163194068	1.268246158866153e-10	1.0000000646910027e-10	1.4233714551620945e-10	1.0220990112247881e-10
1.2271021666131886e-10	1.369855222802458e-10	1.0000000108894401e-10	0.04899875594271777	1.270018730530913e-10	1.0005167934009429e-10	1.375958748508665e-10	1.0000002821381318e-10	1.0006156857191933e-10	1.0000043917450275e-10	1.0000097519386059e-10	1.3588414674598813e-10	1.0000000183202713e-10	5.504394585760745	1.0002406607764421e-10
1.2273307720781366e-10	5.62066981845156	1.0000000369715497e-10	1.5681767373494129	5.703077789481765	1.0017591287182752e-10	1.3657607947910112e-10	4.995579206831	1.000529804875723e-10	1.0000004606477183e-10	1.0038830291134759e-10	7.687389826239218e-10	1.0000000468143611e-10	0.019162598941922168	1.0118749806453121e-10
1.213751330940511e-10	1.3420401276771558e-10	1.0000000066807854e-10	6.208451187978211	1.2699860182823466e-10	1.0092423502591147e-10	1.3232789693099454e-10	1.0190381618711891e-10	1.0018638983454098e-10	1.0000000411257485e-10	1.0007449268717866e-10	1.2314100844763648e-10	1.0000001441940675e-10	1.414321523074442e-10	1.0002144953764862e-10
1.2281668887354253e-10	1.414133852574097e-10	1.0000000365344806e-10	0.008102765633640594	1.2697401723996643e-10	1.009955010272716e-10	1.3570264899199703e-10	1.00000245473932e-10	1.0003130219777966e-10	1.0000033721646996e-10	1.0000012109150136e-10	1.3710182252867385e-10	1.0000000083462514e-10	1.4863972793982774e-10	1.0115812722089284e-10
1.2277533584451717e-10	1.3620474481177027e-10	1.000000059441097e-10	1.92864032314237e-5	1.2720356271299625e-10	1.0011883156869192e-10	1.3500124268629524e-10	1.0013707427608294e-10	1.0016594307970164e-10	1.000000929389502e-10	1.0000004400732726e-10	1.3775172978168788e-10	1.0000000179868775e-10	2.7544278427762525	9.441305906267221
