1.0000004912458701e-10	1.0000002378151821e-10	0.10020964430921676	0.08075626223279712	0.09088846990274911	0.09983454471962366	0.10020991786450198	0.09606155676730327	0.10020990854397736	0.1002099112684594	0.10021028466946695	1.0000001888443709e-10	0.10020993106183287	1.0115961827670208e-10	1.0000011582199792e-10
0.061420651301099284	1.0000000627676131e-10	1.000001121809504e-10	7.310224923621241e-10	1.2157818978476877e-8	1.0000177966500944e-10	1.000000628934439e-10	1.0000007572692468e-10	1.0000000741628365e-10	1.0000003807124332e-10	1.0000011714355957e-10	0.09617020625674223	1.00000132253059e-10	1.0115758062564975e-10	1.0000001119590133e-10
1.0000028539211001e-10	1.000000011418695e-10	1.0000014346756834e-10	7.310407520309492e-10	1.2166155465219816e-8	1.0000000006284214e-10	1.0000000913405283e-10	1.0000018017359258e-10	1.0000005412248041e-10	1.0000003792665174e-10	1.0000014761263733e-10	1.0000125305933299e-10	1.0000000313787859e-10	0.09857932903000359	1.0000020804723066e-10
1.0000039613300351e-10	0.05979468078230995	1.000000417468543e-10	7.310944904936685e-10	1.2161351451195882e-8	1.0000000876036522e-10	1.0000001916868337e-10	1.0000000588398605e-10	1.000000055413197e-10	1.0000004316787394e-10	1.0000002168157049e-10	1.0000028926326134e-10	1.0000000276809189e-10	1.0115278608708847e-10	1.0000000685509127e-10
1.000004404508879e-10	1.0000000358587189e-10	1.0000006711825382e-10	7.321326548094985e-10	1.2165702322882037e-8	1.000010218717566e-10	1.0000008312942056e-10	1.0000004443496724e-10	1.0000000676870313e-10	1.0000006560368478e-10	1.0000005307638756e-10	1.0000338767123084e-10	1.0000005997613837e-10	1.0116688073552207e-10	1.0000000219066541e-10
1.0000221264988355e-10	1.0000001674969988e-10	1.0000004184224932e-10	7.302735385542578e-10	1.2166928944787224e-8	1.0000560623680697e-10	1.0000003581896662e-10	1.0000003341941572e-10	1.0000000615646216e-10	1.0000004305538965e-10	1.0000001185540656e-10	1.0000117068538396e-10	1.0000005520126925e-10	1.0114265888889533e-10	1.0000075294301375e-10
0.018436598878204282	1.0000000093748578e-10	1.0000004561646072e-10	0.008104542314670534	1.2152501610487254e-8	1.0002711774322643e-10	1.0000015402955952e-10	1.0000007471640176e-10	1.0000000792455765e-10	1.0000001529871241e-10	1.0000001990076742e-10	0.03363693526423119	1.0000001865163305e-10	1.0114054846671983e-10	1.0000063047881875e-10
1.0000016048425179e-10	1.0000000657418422e-10	1.0000002568809598e-10	7.308056610956675e-10	1.2158047763528248e-8	1.0002528545494344e-10	1.0000000505575217e-10	1.0000001526901491e-10	1.0000007724490375e-10	1.0000004144561283e-10	1.0000004225708175e-10	1.000280126958832e-10	1.000000175346085e-10	1.0115527306336555e-10	1.0000000216004137e-10
0.009561516857980151	0.012688748981223604	1.0000007147360562e-10	7.307681566885229e-10	1.2165785371963536e-8	1.0000079985116475e-10	1.0000003096868305e-10	1.0000007629360177e-10	1.0000000456096323e-10	1.0000004421133198e-10	1.0000005164288034e-10	1.0000098237302018e-10	1.0000010232328309e-10	1.0117993243489626e-10	1.0000012241601574e-10
1.0000005328926166e-10	1.0000000047822009e-10	1.0000006563698119e-10	7.29971795392542e-10	1.215877915413544e-8	1.0000013408294666e-10	1.0000005625204922e-10	1.000001720514442e-10	1.0000000208292119e-10	1.0000003879544191e-10	1.0000000194267533e-10	1.00004723396356e-10	1.0000016469879741e-10	0.006362385622188242	1.0000000538895232e-10
1.0000004993615583e-10	1.0000004699424066e-10	1.00000025399925e-10	0.9971259060218479	1.2165407647509937e-8	1.0062163390934518	1.0000007367291675e-10	1.0014568348879502	1.0000007292939008e-10	1.0000003423397223e-10	1.0000039377346899e-10	1.0000142149796958e-10	1.00000003919147e-10	0.983725894212388	1.0000026249603651e-10
1.000001193395048e-10	0.9970887347835412	1.000000423275797e-10	7.312926549079409e-10	1.2161170712066443e-8	1.0001258621050806e-10	1.0000004235504681e-10	1.0000013260334035e-10	1.0000006368838327e-10	1.0000009473204236e-10	1.0000004942585372e-10	0.03479921973714481	1.0000003733039709e-10	1.0117615457438607e-10	1.0000061493991512e-10
1.0182787704536316	1.0000004585151262e-10	1.0066401240719354	7.306517097896153e-10	1.0014349432366867	1.0000139683614138e-10	1.0066337759942972	1.000000804711192e-10	1.006633227694488	1.0066335368490773	1.0066424096835986	1.007358516842586	1.0066341818282643	1.0116305539396403e-10	0.9992908092136549
1.0000060786679056e-10	1.000000143715819e-10	1.000000850912552e-10	1.0130471468244613	0.009878111570623285	1.0075332415369058	1.0000000720879627e-10	1.0098933367091127	1.0000003154578e-10	1.0000039573722572e-10	1.0000006477871997e-10	0.008119106738565049	1.0000003560222081e-10	0.9876553946189238	1.0000017190437937e-10
1.0000067552093061e-10	1.0144955369889743	1.0000003664815785e-10	7.310651462975415e-10	1.216018811791421e-8	1.0003174453517908e-10	1.0000002172683314e-10	1.0000007692339855e-10	1.0000009595980596e-10	1.000000743469182e-10	1.0000004610780835e-10	1.0000046965529997e-10	1.0000000690900335e-10	1.0112406027235643e-10	0.03130291776357734
1.0000116658074875e-10	0.27864219792149336	1.0000009868868387e-10	0.2731631631699435	0.2975929503459884	1.0000000915356682e-10	1.0000008273299032e-10	1.0000038900841965e-10	1.0000000798982526e-10	1.000000381366314e-10	1.0000008764243695e-10	1.0000000169534641e-10	1.0000003488639174e-10	1.011374536321149e-10	0.22337055790803909
0.3291381026244478	0.09601383559353097	1.0000001425636915e-10	0.034827638365458026	0.009413262140502962	1.0000240940662589e-10	1.0000003255233231e-10	0.0040732411179821605	1.0000000072667806e-10	1.0000009123845858e-10	1.0000001720046826e-10	0.14793313631269836	1.0000003358794194e-10	0.09550403305127089	0.06645178479786046
1.0000155731694303e-10	1.0000003472694447e-10	0.30298809186514525	7.302398831919679e-10	1.2159956954909045e-8	0.30391130696465835	0.3029864125041344	0.30204969762062867	0.3029865720104195	0.3029862025034143	0.3029920210489953	0.1611434044059568	0.30298638453771265	0.29666653001104953	1.0000000500875758e-10
1.0000012211253688e-10	0.23493503679985003	1.0000001737330711e-10	0.28517065721368706	0.3021548931685299	1.0000025638896377e-10	1.0000002360075326e-10	1.0000007117567306e-10	1.0000001797734315e-10	1.0000001944109059e-10	1.0000001049329741e-10	1.0000000082295695e-10	1.0000001831776174e-10	1.0114633715292671e-10	0.301719189531301
0.19605338204023043	1.0000001500289104e-10	1.0000032387831943e-10	7.313794298960407e-10	1.2159153657561028e-8	1.000002320380395e-10	1.0000000019344131e-10	1.00000561339939e-10	1.0000001068632524e-10	1.0000007635954409e-10	1.000001710962795e-10	1.0000518848044874e-10	1.0000004858854479e-10	1.0121209248308723e-10	1.0000000156402284e-10
1.0000012298269807e-10	1.0000001612181732e-10	1.0000006476568186e-10	7.313971473217313e-10	1.2158413573931805e-8	1.0000265481232138e-10	1.0000000517242329e-10	1.0000003574516145e-10	1.0000005735437802e-10	1.0000000206840267e-10	1.0000003003845052e-10	1.0000036526118399e-10	1.0000011184634693e-10	1.0114887276728334e-10	1.000000034118692e-10
1.00000000169501e-10	1.0000000565973236e-10	1.0000004091156763e-10	7.308222833966949e-10	1.215684039336398e-8	1.0000000213839966e-10	1.0000003468941288e-10	1.00000017908677e-10	1.0000005426837232e-10	1.0000001761929527e-10	1.0000033090803341e-10	1.0001635386341778e-10	1.0000005046905178e-10	1.0115070400410677e-10	1.0000000863183763e-10
1.000000134615737e-10	1.0000003257614936e-10	1.0000000000313097e-10	7.319160056312612e-10	1.2160077607642306e-8	1.0000016865294697e-10	1.0000004912702985e-10	1.0000001532918049e-10	1.0000001237762e-10	1.0000003976361325e-10	1.0000000203833926e-10	1.0001074564504456e-10	1.0000005497113747e-10	1.0118257983055558e-10	0.06868535253625141
1.0000039949083151e-10	1.0000004623557891e-10	1.0000012696751766e-10	7.318796536321274e-10	1.216680123291341e-8	1.0000478650943081e-10	1.0000000420922751e-10	1.0000020394283391e-10	1.0000003357745575e-10	1.0000004937361353e-10	1.0000002196957697e-10	1.0000030939196096e-10	1.0000003157827774e-10	1.011754736683019e-10	1.000000024967754e-10
1.0000058682848746e-10	1.0000000887745557e-10	1.0000008579601118e-10	7.330058646709232e-10	1.2164268312499844e-8	1.0000000067573676e-10	1.0000001576208048e-10	1.000000810165866e-10	1.0000002468388746e-10	1.000000052140373e-10	1.0000000533995933e-10	1.0002100767047581e-10	1.0000004857737612e-10	1.0115715865913992e-10	1.0000112078081305e-10
1.0000067769298207e-10	1.0000000039546531e-10	1.0000004222979016e-10	7.306837821817229e-10	1.2153217352779597e-8	1.00008189151977e-10	1.0000004870223985e-10	1.0000017228660477e-10	1.0000016055282106e-10	1.000001490867567e-10	1.0000008696505359e-10	1.0000310808729807e-10	1.0000000260142307e-10	1.011395906843027e-10	1.0000000334995783e-10
1.0000127176980682e-10	0.07999363795201093	1.0000003302850447e-10	7.311936017344367e-10	1.2164453423085654e-8	1.000018072136454e-10	1.0000000494954166e-10	1.0000003306565413e-10	1.0000005897162752e-10	1.0000008849846194e-10	1.000000736580323e-10	1.0001945780218565e-10	1.0000000190632788e-10	0.06269876765684686	1.0000000815204929e-10
1.0000054985739481e-10	1.0000001426383731e-10	1.0000010594495232e-10	7.31351613042717e-10	1.2162979826359652e-8	1.0000032100693201e-10	1.0000024783604301e-10	1.0000001409250909e-10	1.0000001158885247e-10	1.0000038722891886e-10	1.0000026821532812e-10	1.0000050929590158e-10	1.0000017304449653e-10	1.0116858102148966e-10	1.0000012055873009e-10
1.0000045042168827e-10	1.000000022363327e-10	1.0000011042357232e-10	7.318377080109757e-10	1.2164356210524935e-8	1.0000002080285348e-10	1.0000005934629373e-10	1.0000010105956556e-10	1.0000005272541764e-10	1.0000007527864221e-10	1.000004819332029e-10	1.0000115094494251e-10	1.000000363986052e-10	1.0114372341532454e-10	1.0000000368009804e-10
0.08910904084706153	1.000000108628834e-10	1.0000042779193146e-10	7.312474980706755e-10	1.2158686741402538e-8	1.0000543031779348e-10	1.0000008539473645e-10	1.0000013261930662e-10	1.0000000414798334e-10	1.0000003772248538e-10	1.0000038471532195e-10	1.0000095351242829e-10	1.0000002607140582e-10	1.0096616940791799e-10	0.21240725898700266
