1.0000000247419009e-10	1.0000000000000174e-10	0.10015151255978211	1.0003857773613552e-10	1.000000000422261e-10	1.0000000000064691e-10	1.000000005804139e-10	1.0000000005346688e-10	1.0158110108366514e-10	1.0000001077276206e-10	1.0000001804892287e-10	1.0000000370423446e-10	1.0000055345692185e-10	1.0000000011729529e-10	1.0000048102632716e-10
1.0000000130656727e-10	1.0000000000004046e-10	1.0000000018854922e-10	0.10170367839802584	1.000000000099703e-10	0.10196797288763283	0.10197665709418847	1.0000000015184152e-10	99.61108213874434	1.0000000577016101e-10	1.0000000678967124e-10	0.10197225019773003	1.0000034688875857e-10	1.000000005223821e-10	1.0000021265765588e-10
1.0000000732533559e-10	1.0000000000001951e-10	1.0000000064535964e-10	1.0011857611531579e-10	1.0000000075205367e-10	1.0000002620973893e-10	1.0000000026774774e-10	1.0000000013832025e-10	1.0353535455566698e-10	1.0000001310135478e-10	1.0000003570262729e-10	1.0000000222446309e-10	1.00000366515267e-10	1.0000000005195805e-10	1.0000011542042642e-10
1.0000000132805621e-10	0.09957142514192002	1.0000000001103895e-10	1.0005987670178733e-10	1.0000000032753955e-10	1.0000000007789605e-10	1.0000000080769627e-10	1.0000000044830553e-10	1.6072652105482933e-10	1.000001239035864e-10	1.0000059843207225e-10	1.0000000209319777e-10	1.0000166746364968e-10	0.050995232934576466	1.0000001943164605e-10
1.0000000808190982e-10	1.0000000000003087e-10	1.0000000000709295e-10	1.0001098772062746e-10	1.0000000105218373e-10	1.0000000026221367e-10	1.0000000037161737e-10	1.0000000006257071e-10	1.0018571453566797e-10	1.0000000009879276e-10	1.0000021609784792e-10	1.0000000009076895e-10	1.0000018121905047e-10	1.0000000001993033e-10	1.0000029839618457e-10
1.0000018669461227e-10	1.0000000000054282e-10	1.0000000019589055e-10	1.0026243128437341e-10	1.0000000147524833e-10	1.0000000075092106e-10	1.0000000019163049e-10	1.0000000002272667e-10	2.2066684000104053e-10	1.0000002506059599e-10	1.000000000460339e-10	1.0000000011614456e-10	1.000001149986165e-10	1.0000000127024396e-10	1.0000024251582347e-10
1.0000000342299169e-10	1.0000000000004046e-10	1.0000000000987579e-10	0.05360426097195131	1.0000000097669994e-10	1.0000000002123986e-10	1.000000001551594e-10	1.000000000338424e-10	1.1611108090452879e-10	1.0000000025935552e-10	1.0000000128684154e-10	1.0000000353749458e-10	1.00005405606763e-10	1.0000000037447233e-10	1.0000023354672882e-10
1.0000000318856267e-10	1.0000000000003904e-10	1.000000006921407e-10	1.0002606117033926e-10	1.0000000091209276e-10	1.0000000012325923e-10	1.0000011621443788e-10	1.0000000003958714e-10	1.0202231324410136e-10	1.0000000667730031e-10	1.0000000329191112e-10	1.000000037476298e-10	1.0000086535232374e-10	1.0000000127566648e-10	1.0000024726147577e-10
1.0000000502577154e-10	1.0000000000000068e-10	1.0000000091120423e-10	1.0055165056491858e-10	1.0000000188190404e-10	1.0000000018945801e-10	1.000000015212201e-10	0.029097332142876926	1.0532009579514757e-10	1.000000016825538e-10	1.0000002697671033e-10	1.0000000338387382e-10	1.0000185894472921e-10	1.0000000019640321e-10	1.0000010210161769e-10
1.0000000508951361e-10	1.0000000000002305e-10	1.0000000003453092e-10	1.0017355788836091e-10	1.0000000220755536e-10	1.0000000005820727e-10	1.0000000129363078e-10	1.000000004426251e-10	1.0013715274173002e-10	1.0000000381531966e-10	1.0000000555224926e-10	1.0000000278095698e-10	1.0000006445504587e-10	1.0000000089862194e-10	1.0000034560935693e-10
1.0253617487681175	1.027955150852629	1.0000000085896122e-10	1.0066453070977322e-10	1.0251227354409778	1.0000000000379852e-10	1.0000000100971849e-10	1.0000000022751752e-10	25.149129717674857	1.0000001719981705e-10	1.0000001580999027e-10	1.0000000000011898e-10	1.0000026988326276e-10	1.0000000145531797e-10	1.0263661713520535
1.0000008322478613e-10	1.0000000000005076e-10	1.0000000002827494e-10	1.0417782097723634	1.000000009559059e-10	1.0000000021210798e-10	1.0000001954168214e-10	0.040812234735172134	0.08437665229055494	1.0000001620479309e-10	1.0000015130973988e-10	1.0000000062793073e-10	0.9869379471860105	1.0000000045183515e-10	1.0000019657234976e-10
1.0000000230460236e-10	1.0000000000000635e-10	1.0312522542110913	1.000121301298366e-10	1.0000000085291344e-10	1.0444895037053321	1.035350827249152	1.0042143210425547	0.376861257956023	1.0287734171190015	1.0216798190194973	1.0353423577641696	1.0000012678513852e-10	1.027744861652918	1.0000028867766692e-10
1.0529226374759504	1.0282283388006677	1.0000000001968412e-10	1.0020143413641324e-10	1.0261989052359248	1.0000000036222506e-10	1.0000000058492834e-10	1.0000000712758301e-10	1.0373979954910242e-10	1.0000000073223628e-10	0.03983486133227022	1.00000000083655e-10	0.04093505136042406	1.0000000051584972e-10	1.027436733123321
1.0000000364522353e-10	1.0000000000002163e-10	1.0000000003477037e-10	1.0351646317945762	1.000000000061163e-10	1.0000000002779568e-10	1.0000000049423608e-10	1.0000000009199358e-10	1.0004607269346566e-10	1.0000000147348477e-10	1.0000014828393352e-10	1.0000000001319936e-10	1.0188992829741987	1.0000000073221603e-10	1.0000020133306413e-10
1.000000058638514e-10	1.0000000000004153e-10	1.0000000069474449e-10	1.0000824473746347e-10	1.0000000065621673e-10	1.0000000013392376e-10	1.0000000075413023e-10	1.000000002141547e-10	1.0149312922171836e-10	1.000000029894455e-10	1.0000004695285722e-10	1.0000000355625824e-10	1.0000002286773375e-10	1.0000000082518842e-10	1.0000016657618232e-10
1.0000000596616245e-10	1.0000000000003016e-10	1.0000000066974902e-10	0.4872416541370551	1.0000000089577054e-10	1.0000000002800884e-10	1.0000000086864841e-10	1.0000000010834209e-10	1.0053375976537177e-10	1.0000000549097561e-10	1.0000000897708468e-10	1.0000000180587099e-10	1.0000023877945924e-10	1.0000000000914571e-10	1.0000006096122369e-10
10.246048538495723	10.262297176539649	10.320752787815008	9.834019123303111	10.229435993845268	10.152083859958063	10.193215982316378	9.676048267943006	1.0313852944023196e-10	10.29645605902877	10.260679898901172	10.192795927936652	10.431569121314865	10.254980861165683	10.242020104046578
1.0000000525297681e-10	1.000000000000806e-10	1.0000000000965303e-10	1.0012907711225597e-10	1.0000000000218204e-10	1.000000001112166e-10	1.0000000020028064e-10	0.6232973213769217	1.0463609147998069e-10	1.0000000054125128e-10	1.0000025545175833e-10	1.0000000165884903e-10	1.0000207444042447e-10	1.000000004387093e-10	1.000000896497788e-10
1.0000000236364278e-10	1.0000000000000139e-10	1.0000000017557152e-10	1.0043873143525549e-10	1.0000000213452755e-10	1.0000000026414955e-10	1.0000000060963249e-10	1.0000000017009821e-10	1.1163840891299446e-10	1.0000000001502723e-10	1.0000008472652443e-10	1.0000000327211148e-10	1.0000070591717257e-10	1.0000000004940187e-10	1.000002579395205e-10
1.0000000821719149e-10	1.0000000000005823e-10	1.0000000059087452e-10	1.0008564762994088e-10	1.0000000065212436e-10	1.0000000025515692e-10	1.0000000148883854e-10	1.0000000001149584e-10	1.0391831722065169e-10	1.0000000007238437e-10	0.0175638615015703	1.0000000243950103e-10	1.000001424872123e-10	1.0000000029654782e-10	1.0000022617706066e-10
1.0000000116302093e-10	1.0000000000007564e-10	1.0000000009827762e-10	1.000635777264427e-10	1.0000000206449327e-10	1.0000000009806835e-10	1.0000023882939311e-10	1.000000000193555e-10	0.01946851996155957	1.0000006721999116e-10	1.000000079258693e-10	1.0000000203235578e-10	0.038272347163090706	1.0000000163134073e-10	1.0000025366119816e-10
1.000000074394953e-10	1.0000000000001382e-10	1.0000000478918921e-10	1.0003488421012682e-10	1.0000000078540442e-10	1.000000032957921e-10	1.0000000058846542e-10	0.12966037335324662	0.8760569529184756	1.0000000006115815e-10	1.000000565490438e-10	1.0000000009582411e-10	1.0000042146629896e-10	1.0000000072339606e-10	1.0000021054457404e-10
1.0000002217488124e-10	1.0000000000002554e-10	1.0000000056314985e-10	1.0011413300651005e-10	1.0000000032855208e-10	1.0000000037049115e-10	1.0000000000560543e-10	1.0000000651369571e-10	1.0080541936855464e-10	1.0000000022686062e-10	1.00000165869961e-10	1.0000000198643411e-10	1.0000022786421022e-10	1.00000000031925e-10	1.0000022579732801e-10
1.0000000139890123e-10	1.0000000000002696e-10	1.0000000019551788e-10	1.0009294617920665e-10	1.0000000093318843e-10	1.0000000019875475e-10	1.0000000261637041e-10	1.0000008918944794e-10	0.18953318985008485	1.0000000106729733e-10	1.0000017455233657e-10	1.0000000354523133e-10	1.00001390986105e-10	1.0000000091629172e-10	1.0000034686219129e-10
1.0000004217550395e-10	0.13554918015554707	1.0000000180167239e-10	1.0040852963279649e-10	1.0000000006003905e-10	1.0000000014257391e-10	1.0000000008738464e-10	1.0000000008969745e-10	1.1384882060540781e-10	1.0000000075879033e-10	1.0000006390870211e-10	1.0000000390427214e-10	1.0000378882880468e-10	1.0000000176411345e-10	1.0000020393760573e-10
1.0000000422947442e-10	1.0000000000004117e-10	1.0000000064466757e-10	1.005992438508526e-10	1.0000000108920123e-10	1.0000000015258937e-10	0.06771037170525572	1.000000000773024e-10	1.0052195287724787e-10	1.0000000256957441e-10	1.000002408313233e-10	0.0677078101210139	1.0000141028887523e-10	0.06780573944908358	1.0000009999834228e-10
0.13539535164541724	1.0000000000004295e-10	1.0000000013132922e-10	1.0072915823281712e-10	1.0000000003885137e-10	0.13516739768343736	1.0000000162826798e-10	1.0000000019497254e-10	1.0101594488445292e-10	1.0000000797914509e-10	0.13544769984282856	1.0000000167660229e-10	1.0000002068218909e-10	1.0000000083885997e-10	1.0000012499392126e-10
1.0000000754291978e-10	1.000000000000021e-10	1.0000000050191066e-10	1.0022896053667841e-10	1.0000000033136014e-10	1.000000002643183e-10	1.000000005964203e-10	1.0000000005645543e-10	1.0036803958817378e-10	1.0000000170075613e-10	1.0000001298635448e-10	1.0000023691029966e-10	0.23028567344857775	1.0000000018105407e-10	1.0000022417304107e-10
1.0000000415186539e-10	1.0000000000000884e-10	1.0000000058989538e-10	1.0179972022409017e-10	0.13541982619769863	1.0000000017759124e-10	1.0000000076710404e-10	1.000000027161569e-10	1.0053913029634483e-10	0.13866048958725394	1.0000004814794874e-10	1.0000000268789896e-10	1.0000122301359642e-10	1.0000000121076656e-10	0.13543870719874326
