2.6247050031146206	2.624679684300068	2.623332210671293	2.624673090351518	2.624647117733698	2.6246737542871523	2.6245561381228844	2.6246682924645612	2.6246355713481484	2.624681234270111	2.624682174813523	2.6246820425297743	2.6246834124748935	2.624683159388385	2.624683522351746
1.4683992328941229e-6	2.50827214469156e-6	3.2116621302132873e-6	1.3668568966448878e-6	1.42423949017834e-6	1.4739731310138553e-8	6.223701750814931e-7	3.497256279144639e-6	2.3530054921629054e-6	1.1636138144121367e-6	1.1000060227942389e-10	2.2288678697580295e-6	1.0901430726977183e-6	2.081649198757455e-6	6.36158035761433e-10
8.779167072923908e-7	1.4792658360850801e-6	1.5564581999180967e-5	4.885466881201453e-7	6.095197173362626e-7	7.426388137498169e-9	1.6229457991222404e-6	2.0787508355079817e-6	1.2365991405962947e-6	7.022780260405137e-7	5.431611724629724e-8	1.2903515806609069e-6	6.29125431579043e-7	1.2249521346780913e-6	4.132652226344317e-10
2.072653510309646e-6	1.3896122423319287e-5	0.0008870232853029026	1.8506831984603402e-5	1.7087719428149616e-5	2.0576150506098728e-5	2.1085528257094195e-5	1.8541636665934647e-5	2.0149001734906157e-5	5.864685259031217e-6	1.433510940364644e-5	1.2554117547501201e-5	6.758234180481785e-6	1.1948295117484934e-5	4.422129792061854e-8
6.150425666427397e-7	1.087073294890043e-6	1.4453564837690409e-6	3.941166673891962e-7	3.77342932680645e-7	5.158130877325834e-9	8.942726764786918e-7	1.5174928904799597e-6	7.932450637196106e-7	5.758608795884848e-7	2.4026166728589545e-7	9.439131976392819e-7	4.67184904773753e-7	8.886335844558688e-7	3.598268409388036e-10
0.0028643112164466553	0.002864499113555599	0.0028649689887998596	0.002864349284721291	0.0028642535036457997	0.0028642395299083513	0.002863820704310242	0.002864600428422154	0.0028644125230467238	0.0028643831310651386	0.0028642332422057033	0.0028644654232357317	0.0028643182148050754	0.0028644517034023577	0.002864127862068002
0.0006214783043064035	0.0006213523183907036	0.0006219670644358733	0.000621555974766641	0.0006216274857729903	0.0006216852642309151	0.0006216443428775021	0.000621214649765617	0.0006215029880375515	0.0006215016195919399	0.0006216529190258476	0.0006213919951928717	0.0006215468275951734	0.0006214085847680207	0.0006217079699500347
4.065393412462072e-8	7.779548879472169e-8	1.0390339531945145e-7	3.383954641967736e-8	1.6122603791524983e-8	1.1127755593672804e-10	3.5923439999822505e-8	1.113774611596999e-7	4.4053962797152176e-8	3.177310706399512e-8	3.736588386809259e-9	6.816600035202893e-8	3.353519168873636e-8	6.432825750594053e-8	1.0084656318254261e-10
4.720259581054338e-8	7.815676761863781e-8	1.1332665219674848e-7	3.17409492006001e-8	1.4889501538982453e-8	1.3082064821200081e-10	3.9726913225664524e-8	1.1142466028906853e-7	4.493658204959744e-8	4.62968596175456e-8	4.444984863910709e-9	6.850251586194264e-8	3.3685881965479136e-8	6.43283468671504e-8	1.6314346062663207e-10
4.821088992165745e-8	8.019996589048825e-8	1.086697472769452e-7	3.06430114386895e-8	1.647847339932379e-8	1.3484755992776443e-10	2.7377242400404014e-8	1.1433785314866597e-7	4.7718740084515824e-8	4.6860569156206895e-8	2.8504256478967964e-9	7.037108748083043e-8	3.311986256701346e-8	6.628918963122673e-8	1.0231107587844353e-10
7.005103215496737e-7	1.0968643683733433e-6	5.997871498261888e-9	5.307431465968358e-7	4.1093723354255173e-7	3.3386629732188058e-9	8.36716046728334e-7	1.552784122772442e-6	6.43521384689281e-7	5.550135366055273e-7	2.399920456762205e-7	9.614985099614879e-7	4.580804006725651e-7	9.1039866853021e-7	4.223041372069274e-10
0.05972374913672605	0.059727334312869106	0.05996062555251658	0.05972965508244531	0.05973521048202262	0.059730586945580005	0.05975586454668289	0.059728525965747	0.05973546671326449	0.0597274743223579	0.059730949607761	0.05972719860243978	0.0597289242368537	0.05972711720822772	0.05972996166388459
0.9284731090248733	0.9284716524763947	0.9284269718191864	0.9284713709104605	0.9284656612375964	0.9284716390403147	0.9284426462458465	0.9284706795268687	0.9284632651345456	0.9284687969796291	0.9284689493307487	0.9284717157508446	0.9284693518008111	0.9284717428577751	0.9284671433700666
0.09219581444228117	0.09219452377615886	0.09208967259427556	0.09219390213345459	0.09219962425357554	0.09219290355589545	0.09222138130712294	0.09219500661524115	0.09219945323815297	0.09219711439060951	0.09219537701887215	0.09219462705951523	0.09219789931088761	0.09219468315123534	0.0922012629551589
5.708842576333807e-7	1.0931084885527911e-6	1.4179521685590906e-6	3.794225194424081e-7	5.004934007329744e-7	6.039802924898027e-9	1.1128176338049529e-6	1.551699202526241e-6	9.699050692732235e-7	5.792929956619181e-7	2.5339991462293835e-7	9.7152005609606e-7	4.830393865652781e-7	9.103682813019438e-7	5.361645725882118e-10
7.844459517722546e-7	1.1491894429603363e-6	1.46328629590235e-6	4.787123964842269e-7	4.196834020930342e-7	4.231934588338923e-9	1.1304168434753829e-6	1.5906828078024545e-6	6.651893841790427e-7	6.183146566742746e-7	2.3742827784718308e-7	9.875813376904767e-7	4.700119587463023e-7	9.333812493307809e-7	3.649703282475758e-10
0.09048144174404069	0.09049937272693637	0.09112437212161913	0.09049758653719847	0.09050273676285317	0.0904921409030206	0.09052083335085476	0.0905078006917151	0.0905103246767317	0.09049230647787979	0.09048256045879514	0.09049713693226713	0.09048839554146798	0.09049609790825057	0.0904792990327409
0.24676524415548187	0.24675068720078427	0.2464921288481634	0.24675368091121772	0.24674699092438385	0.24675851954584005	0.24672679942122958	0.24674522602823667	0.2467331064195545	0.2467478092804413	0.24675974437806225	0.24675218221747186	0.24675801038092912	0.2467528753361887	0.24676317398288533
2.4689258913648092e-6	1.398782271199214e-5	1.386674875515708e-5	8.037338068976245e-6	1.4434814669178926e-5	2.2773458533588074e-6	2.411184947374947e-5	1.8650023178112264e-5	1.8702194402061867e-5	1.0742940036853614e-5	2.4810901106785483e-7	1.2576969816850002e-5	6.704029576883878e-6	1.197678002295194e-5	2.886686820071551e-8
6.707291323647722e-7	1.0306783593182816e-6	1.4842420019494053e-6	4.4193045639798044e-7	4.059762616643359e-7	4.911107565526055e-9	1.0164244519848187e-6	1.5530897007077413e-6	7.712412604597982e-7	6.079955676874756e-7	2.590257608107214e-7	9.646944803025984e-7	4.678331726985072e-7	9.104324975896547e-7	7.939204207701323e-10
2.4343575807497785e-7	4.0640603035252394e-7	5.431152299608934e-7	6.583542295051234e-8	9.626066894361412e-8	8.084812112924151e-10	3.0530752146785905e-7	5.842925270938399e-7	3.205621853052793e-7	1.9975790242588784e-7	2.2818632269087636e-8	3.6070444015679915e-7	1.7890430075151545e-7	3.3894147324827863e-7	2.616850942388371e-10
8.291265041894566e-7	1.072376720250281e-6	1.7421157140135314e-6	4.129254150005959e-7	4.30253183794124e-7	2.7130222247825815e-9	9.220067201765632e-7	1.521420506594288e-6	7.994251318093656e-7	4.895567488588851e-7	2.8968611443651513e-7	9.410508092114475e-7	4.7307997026889955e-7	8.886362517159193e-7	1.3820298017771346e-10
5.603550234418671e-7	8.899304682090566e-7	1.102179753421774e-6	3.83133212173484e-7	3.289152659248146e-7	2.6267041653655575e-9	7.557181687010521e-7	1.253758964477438e-6	5.15666575542209e-7	4.987304962355564e-7	4.112354757296287e-7	7.767134671137907e-7	3.876727321422157e-7	7.340381971108083e-7	1.1376433483194677e-10
2.6160244618654746e-7	4.4742888155208474e-7	5.836870829715268e-7	1.8033263055224853e-7	1.0679525711752609e-7	9.898380199214274e-10	3.1324721526083854e-7	6.300739538215311e-7	3.6127435218426817e-7	2.438563684437588e-7	4.066734739880238e-8	3.845251561842489e-7	1.7909593824493884e-7	3.6570729042117504e-7	3.451716246258348e-10
2.6051507154079265e-7	4.227567623053728e-7	5.505251727927701e-7	2.6007906238765624e-7	9.202242321858775e-8	9.876031480678673e-10	3.094660742317732e-7	5.88685883448075e-7	2.995404043779054e-7	2.3461365563139202e-7	2.1703452732099005e-8	3.6043108111718464e-7	1.77257817861125e-7	3.4142066881696114e-7	2.9950177177162455e-10
6.582645388439101e-7	1.1133894174748838e-6	1.4481747980017606e-6	5.160594668667824e-7	4.0524532459838133e-7	4.255556585267707e-9	1.0841786075691095e-6	1.5652914883298434e-6	6.349764738988696e-7	6.05284914699058e-7	1.9780059086474873e-7	9.831738902628194e-7	4.6879923995089455e-7	9.177223310045521e-7	4.4656237800866283e-10
1.216808059394751e-6	1.7144780367322538e-6	3.1660801609723646e-9	4.205476826556e-7	8.144432003843795e-7	7.118044758567367e-9	1.960865235286236e-6	2.4023768298740565e-6	1.4121466797850607e-6	1.1956924758580837e-6	1.4393542233999396e-8	1.5125295002521052e-6	7.386014893485138e-7	1.4190826169310401e-6	6.921438473852051e-10
7.429349174328985e-7	1.2767437146781373e-6	1.6168521398243914e-6	7.088386681350838e-7	3.973016007403455e-7	5.077553750362968e-9	1.2547637415356991e-6	1.7386202339022936e-6	7.335205918285954e-7	6.012997773892075e-7	1.646128991926807e-7	1.0877710035861501e-6	5.102457594615687e-7	1.0204449253504523e-6	4.010922617626506e-10
8.966352278496179e-7	1.3920884232089277e-6	1.8990094746721941e-6	6.364997830034718e-7	6.759829664957179e-7	6.219946977507661e-9	1.5807390269837357e-6	2.039648894853888e-6	1.1374064200248544e-6	7.179269059514242e-7	8.317435699350515e-8	1.2594950479582633e-6	6.672216256616061e-7	1.2015646815903629e-6	3.2075881336212405e-10
8.042240289857995e-7	1.685535506876314e-6	2.230028230083062e-6	4.761379953054318e-7	7.958664398104967e-7	7.765449976816642e-9	1.7452430124345592e-6	2.366971286590057e-6	1.0630020098550217e-6	1.0209813955247835e-6	9.344548304591045e-9	1.479526422919049e-6	7.258568485073578e-7	1.399883794127682e-6	1.1584910309020614e-9
