1.0001799204756163e-10	1.0000000000000302e-10	1.0046323131326952e-10	1.0000000000010643e-10	0.7653958535510523	4.847306369902566	1.0000000006077547e-10	1.0000001650748415e-10	1.0000000002756262e-10	1.0000000730152796e-10	1.0000000000014427e-10	20.840411308492026	0.2571444399623118	0.26694694428776167	0.20069644668606973
46.6383348628354	0.678306477723317	1.0001413418120554e-10	0.31477119554158756	3.9957707905012274	83.43800430503197	1.9811481451327704	1.0000004885020018e-10	0.46017709307520843	1.8119546888174185	1.0000000000000326e-10	87.6280375953219	0.49257192781923503	1.980156059552378	1.0000000000000018e-10
1.0003349430970603e-10	0.3981284677952095	1.0000001282840249e-10	0.08587910714451544	1.0000001969064338e-10	11.980263004626858	0.17644493626584418	1.0000011884741518e-10	1.0000000249379513e-10	0.21808428626984894	0.3365383964986529	83.08156952878319	0.19702661217215695	0.08146363741508894	1.0000000000013317e-10
1.0000453449436815e-10	0.160844169274067	0.570139399929423	1.0000000000001634e-10	0.2414904477952675	10.96443741925875	1.0000000044598398e-10	1.0670569202196276e-10	1.0001333919065667e-10	0.4809739774442733	0.038154836819615116	31.4686651056395	1.0000000000000003e-10	1.0000000000027331e-10	1.0000000000000137e-10
32.26173782292864	1.0000000000003269e-10	5.327930994349279	1.0000000000002054e-10	9.902302761055422	2.8026553325112293	2.1236051474485493	1.0000018665198265e-10	0.9382276918279635	1.7237120413860623	1.6905321544813439	1.0000000000853304e-10	1.4586414256969884	1.000000000005676e-10	4.938690110837627
1.0004191791767287e-10	1.0000000000001619e-10	1.000009289916829e-10	1.000000000000139e-10	1.000002161720375e-10	1.0000000007528125e-10	1.0000000224372062e-10	1.0000000755749288e-10	1.0000000044569811e-10	1.0000003427217533e-10	1.0000000000000217e-10	1.0000000039650011e-10	1.0000000000005694e-10	1.000000000163089e-10	1.0000000000000216e-10
1.0000905055593984e-10	1.0000000000000012e-10	1.000001755231623e-10	1.0000000000002114e-10	1.0000000759516829e-10	1.0000000020392722e-10	1.0000000012626846e-10	1.0000001028414716e-10	1.0000000134547127e-10	1.0000000632703199e-10	1.0000000000071289e-10	1.0182027672289746e-10	1.0000000000007093e-10	1.000000000079156e-10	1.0000000000000018e-10
0.011693305045851343	1.0000000000000688e-10	1.000000275280987e-10	1.0000000000000002e-10	1.0000001593638145e-10	0.003587652328833736	1.0000000242045149e-10	1.0000000914253493e-10	1.0000000317284714e-10	1.0000000410218817e-10	1.0000000000000037e-10	0.0004906027474271764	1.0000000000000018e-10	1.0000000000103619e-10	1.0000000000000649e-10
1.0003226112198754e-10	0.0011251985004225532	1.0000000981999475e-10	0.001196303529966466	0.00195631635914654	1.0000000016908766e-10	1.0000000014637113e-10	1.0000000959195901e-10	0.004532417383271059	1.0000000391947302e-10	0.01046543403440513	1.0099381881063462e-10	0.005621841568164648	1.0000000000119843e-10	0.005333264172638048
1.000046803803531e-10	1.0000000000002587e-10	1.0008973547856505e-10	1.0000000000000919e-10	1.0000030510468239e-10	1.0000000018238945e-10	1.0000002354990553e-10	1.0000004921640871e-10	1.0001451806239707e-10	1.000000078456902e-10	1.0000000000064002e-10	1.0311703028702602e-10	1.0000000000015687e-10	1.000000000057642e-10	1.000000000001113e-10
1.0000201865538681e-10	0.6388064285013725	1.0010032378357729e-10	0.3003462429903716	0.3232732336936294	1.000000001931627e-10	1.662459158553516	0.6859594198208147	0.26059258787172995	1.0000001927951656e-10	1.0000000000015688e-10	1.0001108066645169e-10	0.2757730325787285	1.3922371750418356	1.0000000000000177e-10
1.2813892828945812	1.0000000000000384e-10	1.0000034338782315e-10	0.4979495183818617	1.000001335248854e-10	0.3855628043771628	0.2108070636534922	1.0000006154839607e-10	0.23486319530859004	0.5151460191463996	0.288420455712128	1.000000103794596e-10	0.17747376478895638	0.17223632557968616	0.35246965793115476
1.0002519377672612e-10	0.34153124220093456	1.0004690606866502e-10	0.031206445241392714	0.12214939609671598	0.759049840316578	0.1249882226500713	1.0000037860361768e-10	0.0875667103042108	0.0621095478329489	0.25110932789400914	1.0178630008902787e-10	0.18536720229985085	1.0000000000035745e-10	0.2979174963264426
1.000102696012927e-10	0.7341820521831306	1.1076153386318182	0.47614209101859584	0.7092825384804964	1.0000000000075491e-10	0.7775722976540367	1.089630210246132	0.7696404022931521	0.469349037207182	0.4780745060287262	2.1092944499126802	0.6414324798131088	0.4188533457687238	0.46027899736015504
3.077660758959708	1.0000000000001147e-10	0.8064313737225167	0.6571537840294518	0.8567584455045214	1.0000001607889481e-10	0.6977308017135608	0.45976800104830895	0.6403387345098209	1.092030032640736	0.8797176736147367	1.1150728334803177e-10	0.5506096989269335	0.5260643054174626	0.5169111737798906
1.0000213181536074e-10	0.07432653073586873	1.0000017469413421e-10	0.28083525608956766	0.09464473999273011	1.0000000437727827e-10	1.0000000068031222e-10	1.0000002708112534e-10	0.23229496017201853	0.10116119201999335	0.2819113566678053	1.070563297756899e-10	0.5792539854533243	1.000000008603138e-10	0.4266796563055636
12.220773131044844	0.8294545930366937	1.0000110935098949e-10	0.6435776030273267	6.193163799597681	1.0000000206762856e-10	1.4180904303297797	1.0000001133542765e-10	0.4822536041397318	1.7538551559383453	1.0000000000000021e-10	1.7439522083690764	0.5337309932689538	0.8205127666019398	3.0469738144570084
1.0003132899468526e-10	0.2271479628067978	1.0000380850988087e-10	1.0000000000000591e-10	0.07477448611410767	1.0000000074425373e-10	1.0000000336257174e-10	1.000000072264627e-10	1.0000866749454873e-10	0.007647229971934224	0.3651953340641333	1.0099976660840131e-10	1.0000000000000068e-10	1.0000000000028545e-10	1.0000000000000122e-10
88.45469979720417	1.0000000000003286e-10	30.714453840696955	1.1961818932093762	21.538754635342958	1.0000000970701111e-10	1.0000000005928244e-10	2.046339060519861	2.4997870868339196	7.919596618803828	1.1898139159249879	1.0000000098435097e-10	0.8999056183456016	0.25672242082037955	0.4694218448827407
1.0000034915779779e-10	0.3110921381062592	1.0000006968383945e-10	0.25283945032665744	0.2357012627493205	1.0000000027097499e-10	1.0000000016972714e-10	1.0000002813100715e-10	0.25695853436596483	0.1490022105228639	1.0000000000000018e-10	1.0162097314235972e-10	0.1329558613160494	0.0984224270289175	1.0000000000000046e-10
0.31167447014903504	1.000000000000064e-10	1.0002177797821909e-10	1.0000000000002786e-10	1.0000007751493004e-10	1.0000000016239354e-10	1.0000000005925694e-10	1.0000004849050674e-10	1.0000333850554583e-10	0.10525502115564134	0.010969573510455572	54.296534982827765	1.0000000000007981e-10	1.0000000000967272e-10	1.0000000000000153e-10
3.8687769117782778	1.0000000000001116e-10	2.6754311269625113	0.12127311775756891	1.0000020711661126e-10	14.017304722216128	0.5006848917927584	0.6797493181967209	0.5669104008503437	0.20582464333203318	0.9724581019860629	10.305860221805622	0.5282800954239829	1.0000000000513651e-10	1.000000000000016e-10
1.0000393625366976e-10	0.11180871766679251	1.0002849851628421e-10	1.0000000000000347e-10	1.0000010687053753e-10	1.0000000028349865e-10	1.0000000005892966e-10	1.0000001583393026e-10	1.0001616860749132e-10	1.0000000011770042e-10	1.0000000000004574e-10	1.1255191704078202e-10	1.0000000000019337e-10	1.0000000000054199e-10	0.10487530762661151
78.45122881252104	1.0000000000000035e-10	18.489172852330785	0.26782796046684476	16.904138430406494	37.2398492606525	1.0000000005925683e-10	1.0000003046779894e-10	1.0012686862907296	5.28730290411157	1.0000000000067228e-10	3.7886194359766634	0.16725434936479255	1.0000000001593573e-10	1.240533643374467
1.000000003664137e-10	1.000000000000152e-10	0.42941224577089354	1.0000000000001372e-10	0.21363939104940488	14.983415821420454	0.31567919652930865	0.259777267180963	1.0000000065098961e-10	0.18051252621336153	1.0000000000005511e-10	23.971122033887603	1.0000000000108595e-10	0.09808948789943175	1.0000000000000471e-10
43.75834964522959	0.8287275401956106	1.0003339438663696e-10	0.18753983965512538	11.952155591388456	1.0000000332088091e-10	1.0000000048998978e-10	0.34360903545590077	2.150122341384643	4.119334184992406	3.3576232709004663	1.0000001159586082e-10	3.226235476396611	1.5434099647874372e-10	6.897443321105886
1.0004052158742257e-10	0.09535309392014256	1.000000925548218e-10	0.5003423067648888	0.12058423189488388	1.0000001113115213e-10	0.15974686517242034	1.0000000766967e-10	0.1684942695124203	1.0000000394557227e-10	0.13824210146906984	1.1258660732419056e-10	0.22361337494771089	1.0000000000067717e-10	0.2910858139906984
1.0000001763248863e-10	1.0000000000001948e-10	9.848087260571125	1.0000000000001653e-10	3.1951663534400154	1.0000000079088684e-10	5.216146312644454	1.8035634253445378	0.7415553176363764	1.5346598838637149	1.3083804067242157	6.430767251529834	1.0000000000106814e-10	0.27472036061656013	1.0000000000000004e-10
1.0000617531370329e-10	0.1888861880605155	1.0012076903555832e-10	0.3214939160447303	0.11539266766760738	1.0000000018884569e-10	0.35456046490951004	0.7286419482767	0.5649679355416802	1.0000000021399015e-10	0.21372216952356496	1.000000011008196e-10	0.2471853729285366	0.4974676218032875	1.0000000000000946e-10
1.0008712936938978e-10	1.0000000000000003e-10	1.000008487514995e-10	0.25188691999478685	0.11967617574019969	1.000000001410149e-10	1.0000000005990294e-10	1.0000002482235716e-10	1.0001074352087577e-10	1.0000000500422052e-10	0.269698301138129	1.0000017458557442e-10	0.13327432218666693	1.562675687521784	0.18816147442748762
