0.0	0.0	0.006560084999614029	0.9897021035073682
0.1	0.11336618489099307	0.09606848392587441	0.8995685357549478
0.2	0.17511787131767087	0.17943196402199443	0.8155735007184917
0.3	0.2437588052462531	0.23726255978668925	0.7560266874993387
0.4	0.30347491968716134	0.2845943869840628	0.7134192916713248
0.5	0.31999311976911676	0.34135955913299115	0.6660850040329844
0.6	0.3456404863470929	0.38115072282763435	0.6651690355643554
0.7	0.36290598495962423	0.4105333938840078	0.6178956090333884
0.8	0.39436918705614166	0.4376615303324544	0.5860451277939697
0.9	0.38812559913412326	0.4317930711889892	0.6022173737865366
1.0	0.38104993619710414	0.4584725999383605	0.5935502204727495
1.1	0.3671858281659264	0.454606243590128	0.576079405685103
1.2	0.41098498360317004	0.47379856644394314	0.5605294807283286
1.3	0.38768088499671577	0.49060569537778914	0.5749359110629765
1.4	0.3832835362494423	0.46139403139459334	0.5593793667147196
1.5	0.3739207503880318	0.4717804158582828	0.5853598770559871
1.6	0.3913802392675713	0.4900680302301232	0.5817463461139644
1.7	0.37835932433102704	0.49941381519405365	0.5601233389508616
1.8	0.38979846696300957	0.5093316990409483	0.5597680205097493
1.9	0.36070624669637513	0.4915730348545504	0.5640168710702923
2.0	0.37957519416596935	0.4948242161531998	0.5837350722966812
2.1	0.3701911025571952	0.5088629069557957	0.5698945543824169
2.2	0.38497180013193744	0.5053490501886767	0.5731509533248219
2.3	0.36534783669480786	0.5156656176969077	0.5752917344379735
2.4	0.37257056377201103	0.5150356894017114	0.5492662358417272
2.5	0.3633670301253824	0.531262822376857	0.5399774510748365
2.6	0.34865440552140026	0.5339310477047473	0.5564655490108351
2.7	0.34776274847085314	0.5284768765580893	0.5716800831354044
2.8	0.3315927041437608	0.5449580332269892	0.5603830704180297
2.9	0.3424903281696621	0.5512341720313753	0.5784000441523771
3.0	0.35498843684066517	0.5542613289610381	0.5646688282327411
3.1	0.3527693547465296	0.5373438004912753	0.5483517256897881
3.2	0.3408957572126765	0.5514503886344275	0.5405734924209565
3.3	0.3230950265522163	0.5585569188034483	0.5485254669795626
3.4	0.3342220972620586	0.573922434391325	0.5458854442788665
3.5	0.3215030452041162	0.5559773993074916	0.5552816642674646
3.6	0.3225771154883309	0.5594117361343023	0.5591918072114924
3.7	0.31812031571295496	0.5631704904344674	0.5766162738898236
3.8	0.31318764428635554	0.5815003047137208	0.5692185889933702
3.9	0.3230191122245618	0.5688050744512966	0.5617666817317838
4.0	0.32784036376276643	0.5732203956302768	0.5314709577593115
4.1	0.30235211145415847	0.5753737919027934	0.5306173889752736
4.2	0.32876567624640274	0.583535418842653	0.5588546403057757
4.3	0.3107202756246917	0.5953420660306924	0.5373869235788697
4.4	0.29060270420130685	0.5933701153738542	0.5414589992822897
4.5	0.30427237805612106	0.5907361794101531	0.5417426903839999
4.6	0.2954315744521046	0.5958405151290597	0.5474069631513709
4.7	0.3107257649609524	0.605547740477079	0.539718295773606
4.8	0.2908518650394189	0.6190914672120438	0.5610113030154665
4.9	0.3093613694952645	0.6015878131232006	0.5427806868044575
5.0	0.29571168862928576	0.6391110124163445	0.5491052976050154
5.1	0.27873843606596044	0.6264420158373416	0.5378146984875479
5.2	0.27738035464215105	0.641181612423653	0.5356894788296053
5.3	0.29142633063111706	0.6349945117888393	0.5314407172798934
5.4	0.2666856966219732	0.6463839220941302	0.5534319591004746
5.5	0.2791911697969992	0.6412616473385582	0.5411159725772892
5.6	0.274118925902086	0.6525387993018065	0.5530013863605638
5.7	0.2680888178554525	0.6497597902808173	0.5559848939608802
5.8	0.27259692891741516	0.6427932997090552	0.5266173518201777
5.9	0.2684428318875535	0.6512192104969846	0.5369289917317817
6.0	0.2770669219632816	0.6615261757677715	0.5391847244547415
6.1	0.25649290110684936	0.6515636496854166	0.5572196602263012
6.2	0.2688634914559855	0.6565340898793659	0.5302615325836364
6.3	0.23926827530758113	0.6822782028269475	0.5441139592575792
6.4	0.24935695088493925	0.6702865784603959	0.5503517394185421
6.5	0.27322208280883875	0.6877648257600013	0.5218709290382835
6.6	0.27972867609257823	0.6753981206823559	0.5293982389334242
6.7	0.27245972721955836	0.6842045218600179	0.536954690092744
6.8	0.24404335506487784	0.6918888265840925	0.5410547393341401
6.9	0.2537110703072989	0.6827449531153426	0.523245839316907
7.0	0.25557434328278916	0.6762735043711252	0.5400353056776869
7.1	0.2535956542536949	0.7043041798927252	0.5300556846328371
7.2	0.2517046303709579	0.6877074681444937	0.5176053456701719
7.3	0.24810784868054545	0.6971857540058641	0.5127918011822726
7.4	0.25234789867243695	0.697030802457136	0.532727857623531
7.5	0.23756836181876476	0.7112014857605647	0.525372498430029
7.6	0.23990527620990404	0.7084192355806933	0.5181012371026884
7.7	0.23695535716096333	0.7194302288069082	0.5359326652801437
7.8	0.25257502297146867	0.7206283201636989	0.5329898108809299
7.9	0.22214859838964784	0.7051156702100614	0.5248404949151669
8.0	0.24719805468141037	0.7014482250952278	0.5228271186763276
8.1	0.23563561273011754	0.722906567183203	0.5213334479759737
8.2	0.23311958190313917	0.7205884547066713	0.5181282830288164
8.3	0.22669434367010358	0.7266360420791624	0.5059002142334048
8.4	0.2193585687011606	0.7247097040714543	0.5247056621990549
8.5	0.21144421460534712	0.73051031184554	0.5217754774672748
8.6	0.2330335882748657	0.7452373996795174	0.5291852283492975
8.7	0.22055293882792434	0.7478516917383673	0.5150113088667679
8.8	0.20735896804325388	0.764412066252397	0.5130032320306241
8.9	0.22220154688824897	0.7654912070766854	0.507996972253582
9.0	0.2195231107081114	0.7610774540395491	0.5338061254910319
9.1	0.22150344862895188	0.7618051273705942	0.5095264919112675
9.2	0.20643324206218452	0.7634184969204177	0.518842088607945
9.3	0.20846604969975843	0.7398460854379292	0.5124560737924332
9.4	0.20247941835454902	0.7862408939516393	0.5135344954078043
9.5	0.1942974955259091	0.7705663632286537	0.507234191910699
9.6	0.2221431077700665	0.766740722784465	0.5112333275437074
9.7	0.2147395983171006	0.772020924567578	0.517642930495714
9.8	0.22463279083099366	0.7800038525154481	0.5098675997281347
9.9	0.20079429077342653	0.7793179619974572	0.5001921472082699
10.0	0.21304782911696138	0.77696522896817	0.5202863903258604
