2.5469380098133816	3.090015017883727	7.177526356113542	2.9695257541616513	2.7508478877053535	1.525935190888811	2.902291188346985	3.2246930759176546	3.216336437839429	3.4053447318221135	3.1341282910310064	2.729455074011171	3.4255935519091234	3.4014847249975686	2.8295587951784413
0.00023156044661888387	0.00015442630938672803	0.00018532315315858503	1.6686563499093925e-6	9.616160433741459e-6	3.7271802141612795	1.2812665999620953e-5	1.1669430076997124e-5	5.1480368629292e-5	3.5943885037738244e-5	0.00031051021253054314	4.203899068573632e-10	6.681203465675569e-5	9.160492228732885e-5	5.0044003133410626e-8
0.00016116228271853008	0.00016835667641610492	2.0244840282639264e-5	1.3012549799136373e-6	6.901224895556139e-6	4.274138716641119e-6	3.4174134341242452e-6	1.3065661867819892e-5	4.9850975179808445e-5	3.99002220338867e-5	9.94696178675693e-5	1.090064372057949e-5	6.71108137499221e-5	8.325825620771911e-5	5.360779841933846e-9
0.3925432090910087	0.06545399327490818	0.00011468893208142441	0.17082747206568397	0.3606969984905945	8.483285229285923e-7	0.30290145402888113	0.22490157140749176	0.20358994832822103	0.0003177934960071697	0.016535364640133995	0.38746223255774254	9.888100292655281e-7	0.0009994483372036	0.2921542088311076
5.889366750604535e-5	3.1185097338689017e-5	5.900066017203007e-5	1.2625193003298322e-6	4.39756272940899e-6	4.685819292061165e-7	4.906900901854495e-6	4.578604373922394e-6	4.903065641158106e-5	2.4279907798696735e-5	0.00012553576489362527	3.696274709234894e-7	3.927242828644464e-5	6.768447348337262e-5	3.440696820968935e-9
0.0019180901408337302	0.001540640561705782	0.0022398986555086345	8.053479816038771e-8	0.0014855719089618084	3.215184721042034e-8	1.4318843741080854e-5	1.016913342675626e-10	0.0014629258461678583	0.0015550693112711253	0.0014073419502627746	0.0014822042307075214	0.0013432130947586694	0.001544766545304367	0.0014979512670787827
1.4676036642289393e-10	3.126207414464947e-7	3.3155092750330035e-6	0.0011486099102351265	2.3579178578141602e-7	0.0015144575874690138	0.0016423336358576317	0.001604548641804927	2.9690964859936016e-5	1.0329728426736321e-10	1.151112960614738e-10	1.2846276298528654e-10	0.00027959138007079893	4.4905471532974084e-7	1.0030083327978096e-10
1.1901866798095285e-10	0.0014139053417617058	1.864673656064514e-7	1.6165225357677344e-7	0.0012756251814312284	4.562754324668335e-6	5.082319343680867e-6	1.0006225741257707e-10	0.0014548570659150733	0.0016699064133550996	4.079236986975747e-6	0.0012722342127322378	0.0013230645278152439	0.0016232543128745093	0.0013119016989563408
1.4950025178702878e-8	2.8704055382597685e-6	3.1318759333602044e-8	1.1024769875480319e-8	7.426629256524269e-8	3.412639800407704e-5	1.3752488882673549e-8	9.02214261033295e-6	2.347566932520834e-5	2.63304153799726e-6	0.0003261214488510617	2.3994664018116e-7	1.0399876102936849e-5	1.4046954534767989e-6	1.0044870544732796e-10
1.03958400696736e-10	1.4613390090116188e-10	0.0002173424385931067	0.00019410340252270174	1.1432279212480292e-7	2.8371599793265886e-7	1.7501819862773722e-7	1.0076198206871846e-10	1.8059402387708028e-5	5.968756141093685e-8	0.00036881166296873284	1.0003977476191371e-10	1.886054811201516e-7	1.6524580987933144e-6	1.8396719022359393e-10
0.00024994396726557024	1.0008080755861074e-10	0.5508013276052076	2.706073483091729e-6	1.810911687413539e-10	0.0030015350153586562	0.07756060719969014	1.002703276786622e-10	5.488627683704595e-5	3.4251639125738574e-5	0.0025476430949254634	0.00029138305603681347	0.003462670130436198	1.776173154596608e-5	6.973541841910914e-7
0.4755928641505029	0.48281285937096863	0.08667613367289521	0.4788168410422094	0.4987122222365181	0.2783550048427206	0.9081666433352147	0.5170660442638231	0.5173073131459611	0.5129873512313582	0.4738843499918375	0.5007553352158999	0.49246480563218725	0.49615495434698415	0.49335480010078164
0.4658271277822871	0.4649984051683874	0.36661901115188805	0.4714026975137185	0.4657729173251106	1.0139363529757222	6.15330067243665e-6	0.46840140399597474	0.4665559651432476	0.4558733173409205	0.46917360441033845	0.46577037909879776	0.4724979781842118	0.4722555918551085	0.4673549560345732
0.5728830125434907	0.5754599099476827	0.6615448277987723	0.5730754846520819	0.5616682867113509	9.804622659974757e-7	0.6475700774991271	0.5437552309161225	0.5473221817539426	0.5580940524101533	0.5792256423899063	0.559636568051004	0.5602333166016241	0.5596385295452839	0.5647717945428761
4.364652638648153e-5	0.007323452168368594	2.7906938817130995e-7	5.9435107654514354e-6	0.0001079692759016065	7.315737384802085e-7	0.3525415569244946	8.431859615278104e-7	7.889238905343911e-5	0.019284721340248744	0.0021590254375196266	4.6396380605286795e-7	5.555102548071325e-6	3.674360689982652e-5	1.1578947569173897e-10
0.005645587531323211	2.8063693571688723e-9	0.00012478237676510613	3.158580310846302e-7	2.484151230634451e-7	0.0025618129420480807	2.713243283286869e-6	2.8209007988491446e-10	4.9998100710288075e-5	3.117124057940919e-5	4.084569374356823e-5	7.4612892771736206e-6	8.173362561290597e-5	6.539464037551804e-5	5.318876335966788e-8
0.00018573995150460165	9.157064781743102e-10	0.00013206969000312233	3.9009230148383486e-8	1.5789808376354727e-8	0.5509137221556039	9.401432148816549e-6	1.0830252896595804e-10	5.0595374410471586e-5	1.455825329890178e-5	0.00024553457979252627	2.3195158791451787e-5	3.117349598496718e-5	6.596713325324926e-5	2.683897642981592e-7
1.7722619893041491	1.945122617665024	2.35929033982532	1.853807762142583	1.8672262207851518	0.5258499689607783	1.9162875035618774	1.9910251227797306	2.035153832704962	2.0811693013961263	1.9484819193799712	1.8669044904803214	2.06692485463607	2.072231114297738	1.885923398152177
6.118538610525914e-5	1.1863919335562743e-6	0.002555630902521737	1.2609806037332015e-5	2.7103606511924023e-6	1.403585695548366	4.591980759330862e-6	2.100158111489272e-5	5.1396033229905136e-5	4.052194634261804e-5	0.001901213963230118	7.543781061626335e-7	3.368339466776496e-5	0.00012680947664876047	6.499076520546883e-6
0.00024303704426248412	0.00026288212744932625	3.3520017314259914e-6	1.1854491127354874e-6	1.9826336245726354e-5	3.8481740474092575e-7	5.473405942018764e-6	1.2259180233890887e-5	5.079573553554733e-5	3.8906144684011574e-5	2.6393621302461993e-5	2.2309285377460994e-6	7.748642355412557e-5	0.00010198519120680556	1.2589337245209058e-8
2.3866056763608037e-5	4.3251567041376456e-7	2.513603401399285e-6	8.461337725597591e-7	4.6850015116007034e-7	0.004373042927068333	1.3703179921638728e-6	1.009602877777512e-10	8.431429905879717e-6	4.669618962969699e-6	1.5213216642070065e-5	4.328234821382998e-7	1.3015572441400337e-5	7.297989887161813e-6	5.466331345771522e-7
0.00015751770441169746	1.9313753759937095e-7	8.390875307284349e-6	1.2614118544074174e-7	1.8218861310303535e-6	0.07702178562416256	1.018323809707165e-10	1.037336215594034e-10	4.6695380287185374e-5	3.316770534878682e-6	1.3969300129938185e-5	1.5146918891185332e-7	6.872293783542961e-6	6.953696989526531e-7	6.966867575658775e-8
0.09442678551716085	0.08973049329582897	0.021803444224966037	0.10074086468011828	0.09858338937759074	0.038296776591330774	0.0751455641979885	0.07398496009838552	0.07311655294503909	0.07152912639033132	0.08661982907969085	0.098977180614708	0.07104868417374663	0.07047688335027193	0.09641857074678366
1.098544171642493e-5	5.757284339900598e-9	0.00014610593924041827	8.650322227591707e-8	8.003253423082716e-8	2.0872218459366862e-7	7.172730446237161e-7	1.9160038566579105e-7	3.0730773061829685e-5	3.5520729273002177e-6	1.3928835277198361e-5	2.1420707533147593e-7	1.8755516956514653e-5	4.405591268590663e-6	1.629447626069118e-8
3.334030341131951e-5	8.123926727015203e-9	0.000260678637262719	2.2643210520265327e-6	5.913363903366032e-8	0.0013132845835275577	0.03645717726822969	0.029153805127856768	0.024803574615501634	0.01756081377538214	1.7966900509381637e-6	5.511841594653526e-6	0.01947226726584475	0.020076438993067054	4.6477796023197866e-8
0.00017913424482767081	1.5074757627830434e-7	0.0001046120713075255	8.38226475520544e-7	1.1135132710064152e-6	1.8949209058603586e-7	1.7321637150310017e-6	6.115847206628351e-8	5.0895137573442804e-5	2.1242913655703026e-5	0.00013569010719147596	3.4830379240940747e-6	8.124838791697974e-5	7.631045004014506e-5	1.4931010925499408e-7
0.8381224123925027	0.33792890003374076	0.0001117139976503312	0.3835145714521834	0.4209386501884177	2.2249494019593037e-7	1.2932599973145686e-6	3.7364704292204386e-8	5.258376638382923e-5	5.990939236292146e-5	0.328053755517209	0.4200770482022569	4.923793547722297e-6	0.0001576506023728201	0.40048275248681026
0.0002415983860858438	5.134063694646918e-7	0.00014393040728685153	1.361468213768897e-6	1.8330419380147608e-6	1.6399876687384785e-7	2.0674495884291473e-6	2.4699394031000014e-8	4.722861712368639e-5	2.2729718228419168e-5	0.00012316176398448266	3.2625540067046786e-6	3.315533046648669e-5	8.404901079899234e-5	1.1201374666305139e-7
0.0002626342757752311	7.585924720453235e-9	0.00013086996194316177	1.7265138757141213e-6	1.2761488351526796e-6	1.4193126693221785e-7	1.928749082800237e-6	6.141606714907085e-8	5.254179146916553e-5	2.937549945252671e-5	0.00016745869788246628	6.392857588725862e-6	3.917046938282102e-5	0.00011266499690229382	2.311271834354791e-8
0.0006453564451494986	2.0698861151688525e-7	7.773562645958565e-5	1.8771573328980085e-6	4.566838479657274e-6	4.448904864456693	2.7031166452623152e-6	9.907949685957934e-6	5.370931719425943e-5	3.5297612883972364e-5	8.471985589250833e-8	3.981133326077592e-9	1.798450787297677e-5	0.00012167066058801374	6.741651025026808e-8
