7.54131879912052e-5	1.0043854618510881	1.014592394394408	0.9975043119954495	1.0176723694817582	0.9419820305445638	0.7641632106868295	1.0135691304214753	1.0000920673635691	0.9895080022569241	0.9938672150456709	0.9945357776882949	1.0000067327598164e-10	0.9939324760754231	5.003771945459346e-5
7.973445870578682e-5	1.0267671498138657e-10	1.0128724667682811e-10	1.000000020372976e-10	1.0005818176544602e-10	8.494498003660079e-5	1.0000051940665555e-10	1.0451589686875616e-10	1.0000026380624452e-10	1.0000113575643542e-10	2.0679658766511106e-9	1.0059215821778322e-10	1.0000077001871246e-10	1.0000025853460051e-10	5.0770051510275954e-5
8.012460828459914e-5	1.0709128075959148e-10	1.0143858715897701e-10	1.0000214771627815e-10	1.000005886691635e-10	0.08955186626774071	0.10780573720266892	1.0451685764939404e-10	1.000028524419668e-10	0.03060237189906892	1.0000219906654487e-10	1.0000690629075582e-10	1.000012592992879e-10	1.0000000088655196e-10	0.0004029792936689034
0.00011030338078457225	1.0813037618792719e-10	1.016897865578146e-10	1.0000000028181435e-10	1.0000792604824071e-10	1.0001159549088047e-10	1.0000000007140098e-10	1.0451664151518225e-10	1.0000065057322605e-10	1.0000017124117895e-10	5.626785288652446e-9	0.0030662124553689552	0.5346641452952839	1.0000004036714175e-10	5.254027580592043e-5
9.515008473250441e-5	1.0246486707296916e-10	1.016567920170384e-10	1.0000030222682966e-10	1.0000339877278012e-10	1.0288394257885972e-10	1.0000002046489974e-10	1.045161834505593e-10	1.0000000015490822e-10	1.0000013151300184e-10	1.0000009098760444e-10	1.0000032167202062e-10	1.0000140681271727e-10	1.0000001507377657e-10	0.053040578328095216
2.6156795648199535e-5	1.0333722643543753e-10	1.0006007746296668e-10	1.0000000361573245e-10	1.0000031498403182e-10	1.0079452207480096e-10	1.000000911468802e-10	1.0451875341545976e-10	0.000380525118921262	1.0000642569674772e-10	0.0007690493058091468	0.0004488219584326281	1.0000038500886037e-10	1.000003669156522e-10	1.758564374409726e-5
5.998185056055738e-5	1.0350772240804113e-10	1.0101076810620514e-10	1.000003185895339e-10	1.0000011755141762e-10	1.0000054839559005e-10	1.0004114037527912e-10	1.045143678472777e-10	1.0000226428268369e-10	1.000001487665949e-10	1.0000683471929912e-10	1.0008864758657273e-10	1.0000095713280353e-10	1.0000000249592381e-10	3.087003926876832e-5
2.342662770472672e-5	1.1454690996676823e-10	1.0000000000000031e-10	1.0000059344048972e-10	1.0027432383021797e-10	1.0033848706797531e-10	1.0000224414515197e-10	1.0451585188781956e-10	1.0000232914730623e-10	1.0000414660843842e-10	1.424759637805673e-9	1.0021399437266641e-10	1.0000146658438119e-10	1.000000098133218e-10	3.080965529747534e-5
0.0016403210223476382	1.0256409465600819e-10	0.0014657584087508914	1.000004394213073e-10	1.0001932676716536e-10	0.0022858553005713077	0.002545234447057559	0.0017161882239176912	1.0000900988395435e-10	1.005679006453614e-10	0.0007328381328587289	1.000022308878936e-10	0.0036270972722640725	1.0000001370529522e-10	0.0032846913221816535
3.477376896559468e-5	1.1527008033585699e-10	1.0001547233794517e-10	0.0003018834022507987	1.000021854660335e-10	1.0008314631360393e-10	1.0000004332108763e-10	1.045162862813352e-10	1.0000032468774533e-10	1.0000626366841979e-10	1.0000024532879157e-10	1.0109699058258535e-10	1.0000036235634895e-10	1.000000008429399e-10	1.879054041869757e-5
8.145343785015199e-5	1.1895488234497288e-10	1.0120465676013107e-10	1.0000000130593417e-10	1.0116985278197934	1.0025235466945073	1.0000010919095341e-10	1.0451513535365914e-10	1.0000245719254043e-10	1.015204497918626	1.0000001004549024e-10	1.0087862043910102e-10	1.0000030226523532e-10	1.0000002242034326e-10	5.317671007583716e-5
8.674984147499357e-5	1.0106446733227108	1.01248560701759e-10	1.000009867713628e-10	1.0000318583289982e-10	1.0009531609517768e-10	1.0000005041586194e-10	1.0395430369074e-10	1.0000000508626004e-10	1.0000270529150555e-10	1.0000026567133071e-10	1.0061709328135089e-10	1.0000093679829575e-10	1.0178479861592937	1.0103486421202126
1.0018054152817433	1.0102150128477711e-10	1.0049406497332123	1.0138913850569393	1.0018719831463048e-10	1.0000200704058037e-10	1.0048148499335556	1.0070320730403086	1.0120672687520262	1.000021913632317e-10	1.011308152694134	1.012882181919301	1.0153856102965224	1.0000000616486148e-10	5.060169268824931e-5
0.00011652263708946847	1.1686855650198942e-10	1.0169534002894352e-10	1.0000045128734141e-10	1.0057615287956612	1.0076317001658357	1.0000135088511495e-10	1.0425705472110692e-10	1.0000078503633043e-10	1.008433389393825	1.0000061515846094e-10	1.0000000013168592e-10	1.0000079482562004e-10	1.0000000639740615e-10	5.207600878117013e-5
0.03724565720850047	1.0148974654672174	0.014339851516611227	1.0000000063518644e-10	0.0076869256807425975	1.0067279033506819e-10	1.000000354683339e-10	0.012107041460734132	0.0016710209343964225	1.0000089243274519e-10	0.019489766491195184	1.0039560144663184e-10	1.0000156312252729e-10	1.0276060169419228	1.0264152616594335
2.5205004371301247	1.1166647371709179e-10	1.0137009147345003e-10	1.0000000665063294e-10	1.3527706909440018e-8	3.05250226822121	1.0000045219563265e-10	1.0451809688535579e-10	1.00000013380024e-10	1.0000127919393481e-10	1.0000137193184608e-10	1.0003336148749769e-10	2.8139069086675668	1.0000001263443932e-10	4.8854338342503107e-5
0.6318238740393144	1.1132511158521273e-10	1.0156349194724031e-10	1.0000100162834664e-10	9.033714836719512e-10	0.07920828079070467	3.1470633830441153	1.0451720299554924e-10	1.000005052354561e-10	1.000000203807441e-10	0.09111425453227763	1.0327181298785416e-10	0.5625722104058474	3.090817379610691	0.6328022877535142
7.420181397150588e-5	3.0193181008573946	3.0139463672626516	3.033628543847657	3.024663740956221	1.0144193062428541e-10	1.0000024770767568e-10	3.0254921031086472	3.027006439320451	3.04130926327251	3.0187005957832658	3.0268807084329628	1.0000152398614734e-10	1.0000000111722184e-10	2.5412302169675027
2.965891865894379	1.0273384810623775e-10	1.0143961480707633e-10	1.0000000178716807e-10	1.0005958307151372e-10	2.9631813772196773	1.0000004263757187e-10	1.0451312724367337e-10	1.0000145664855987e-10	1.0000142686210647e-10	1.0000246806088784e-10	1.0001415605250908e-10	2.6856101868743925	1.00000059932408e-10	0.37684074334546647
7.537778511347404e-5	1.0294236199092503e-10	1.0120638799922674e-10	1.000022492643604e-10	1.0000072022286915e-10	1.0002701935112029e-10	2.973147484648265	1.0451712804494671e-10	1.0000058602137049e-10	1.0000204541380266e-10	1.0000002574042142e-10	1.0247888988325041e-10	1.0000037478489849e-10	3.0556319335503774	4.953798680456188e-5
3.711511854925152e-5	1.382494182706519e-10	1.0070549857772069e-10	1.0000000089471609e-10	1.0385425586015448e-10	1.0095428961695121e-10	1.0000002357801304e-10	1.0451586468752494e-10	1.0000002831825198e-10	1.0045844491501943e-10	1.0009675973070813e-10	1.0005273490646789e-10	1.0000142116638656e-10	1.0000017407948518e-10	2.9802448781096378e-5
7.579849203492194e-5	1.0276235760459564e-10	0.011164714969100037	1.0000000215132194e-10	1.0000507811148844e-10	1.0193942306575041e-10	1.0000000817043244e-10	0.01067832831420111	1.0000004112624115e-10	1.0000065130725416e-10	1.0000522899854008e-10	1.0017057881883316e-10	1.0000046277101827e-10	1.000003054075114e-10	1.0849551901464995e-5
5.46231258749419e-5	0.0027440192607398124	1.0112095885668176e-10	1.0000000112568262e-10	1.0000250728081974e-10	1.0002682107673695e-10	1.0000000008434955e-10	1.045151986318109e-10	1.0000298567708355e-10	1.0000165713888283e-10	1.0000000312970487e-10	1.0002303445299704e-10	1.000006606366928e-10	1.0000002026498531e-10	7.159389207320977e-6
5.500993646775162e-5	1.1311671706600828e-10	1.0118006045058214e-10	1.000000033359097e-10	1.0000121834893443e-10	1.0039424018743288e-10	1.0000034119772937e-10	1.0451820003681829e-10	1.0000206522740418e-10	1.0000521532704647e-10	1.0000018117970089e-10	1.0006037901107655e-10	1.0000048330648614e-10	1.0000002844083591e-10	2.7243009889903258e-5
5.469164811032919e-5	1.0279336683978556e-10	1.0001251176224202e-10	1.0000000340914818e-10	1.0002299095073316e-10	1.0003527926821067e-10	1.0000001635961967e-10	1.0451729478078199e-10	1.0000076460188353e-10	1.0001100735908845e-10	1.0000311604877537e-10	1.0005857209442744e-10	1.0000027213315802e-10	1.0000113458120785e-10	3.7388996825754686e-5
6.986627194978097e-5	1.0571549740028688e-10	1.0141474656175319e-10	1.0000000488602517e-10	1.0000101812327219e-10	1.0002704869777731e-10	1.0000332246217315e-10	1.0451657138234757e-10	1.0000158810024593e-10	1.0000293583251069e-10	1.000120003509164e-10	1.0000718110458313e-10	1.0000014336380408e-10	1.0000001853961312e-10	5.105400235517767e-5
7.141446603072759e-5	1.0780250460912844e-10	1.0132939069907937e-10	1.0000001516729005e-10	1.0544474663419877e-10	1.0048745818725151e-10	1.000000139092306e-10	1.0451587596811397e-10	1.000000802085468e-10	1.0000118868116787e-10	1.0000007860748705e-10	1.0000000139477192e-10	0.5418684177124097	1.0000008188486414e-10	5.1134613447305894e-5
7.195192513957376e-5	1.0443822785406723e-10	1.0136784605567032e-10	1.0000000004124483e-10	1.0000030034422502e-10	1.0017409216122719e-10	1.0000031325379195e-10	1.0451793218791644e-10	1.0000013006995729e-10	1.000056856616937e-10	1.0000005742147639e-10	1.0013835844353669e-10	1.0000080931420321e-10	1.0000003437897417e-10	4.956551599643204e-5
7.169344606782609e-5	1.0346019295010764e-10	1.0131796756729777e-10	1.0000000373389393e-10	1.000001349985085e-10	1.0001912271541245e-10	1.0000254342743445e-10	1.0451704638086967e-10	1.0000026005096019e-10	1.009012568419829e-10	1.0003857309386791e-10	1.0018498420113828e-10	1.0000117477472012e-10	1.0000001482376817e-10	4.964840408579422e-5
1.203090477205875	1.0125641088077656e-10	1.0133527572700728e-10	1.0000266940535978e-10	1.0000262924253136e-10	1.0064410245984709e-10	0.20093479623751445	1.0451663130320257e-10	1.0000000318946187e-10	1.0000192726888076e-10	1.0163105521687668e-9	1.016018321327795e-10	1.0000762344755846e-10	1.0000006587862307e-10	1.1806836805733505
