0.9959278358637367	1.0036115393372298	0.9931743243628386	1.0327441902513571e-10	1.0000000876111555e-10	0.9931590642913658	0.9962027269998105	0.9568875759573932	1.0000000157064083e-10	0.995926783926991	2.3631536847529743e-5	1.0183017488578774	1.0000157580642223e-10	1.0139111099308821e-10	0.993227803297006
1.0000002084185909e-10	1.0000081233900638e-10	1.023743136474428e-10	1.0000003316093937e-10	1.0000001473896559e-10	1.0317629374148245e-10	1.0007513687801316e-10	1.0000004652726963e-10	0.9936258088819814	1.0000012391964219e-10	2.1190493384215257e-5	6.831364484988087e-8	0.5013555719727188	1.0135201365531538e-10	1.0007291530550588e-10
1.0000001705236413e-10	1.000011331958498e-10	1.023713656926978e-10	1.0000006275901019e-10	1.0000000038607442e-10	1.0034780704960414e-10	1.0000000573173593e-10	1.000000199618361e-10	1.0000000246514026e-10	1.0000005328010454e-10	1.7594827105972692e-5	6.831799676297474e-8	0.4912865624490989	1.0137988715543411e-10	1.0003080329315227e-10
1.0000001482961665e-10	1.0000034372583629e-10	1.0237077887022987e-10	1.0000006753019621e-10	0.47302792989224496	1.0028726184965024e-10	1.0000011645939422e-10	1.000000247446911e-10	1.0000000354676504e-10	1.0000142122659631e-10	2.2144450795568304e-5	6.832520970961421e-8	1.0000039957106383e-10	1.0083138697267319e-10	1.0000508557662797e-10
1.0000001700201259e-10	1.000017363102023e-10	1.0236457238225769e-10	1.0000019676293404e-10	1.000000110804161e-10	1.0000022957520494e-10	1.0000000000102669e-10	1.0000005419647921e-10	1.0000000055057893e-10	1.0000056798745305e-10	1.6896129482242242e-5	6.832411276984266e-8	1.0000001774586818e-10	0.03260563520970012	1.0000000538547066e-10
1.0000000505252453e-10	1.0000059884052413e-10	1.0425803426748779e-10	1.0000001033101547e-10	1.0000002199206885e-10	1.0000303902282205e-10	1.0000054318220297e-10	1.0000003545954662e-10	1.0000001979899566e-10	1.0000099152195642e-10	6.284279205381981e-6	6.827761220487098e-8	1.0000462697038708e-10	1.0140951206580664e-10	1.0004284921192341e-10
1.0000001419715536e-10	1.0001376276087106e-10	1.0236499969455595e-10	1.0000004286771143e-10	0.0013384253573326232	1.006018135011591e-10	1.0000000727224632e-10	0.0010877828312140984	0.0010845923163577164	1.000000096030704e-10	6.021616689587492e-6	6.847743542612902e-8	1.0000012755609577e-10	1.0138081762283476e-10	1.0000000007168981e-10
1.0000000248793269e-10	1.0000123188099653e-10	1.0237013329634985e-10	1.000000280331072e-10	1.0000000243936923e-10	1.000004757574478e-10	0.00014800061936065667	1.0000001628857747e-10	1.0000000050997957e-10	1.0000019406725078e-10	0.007814928432783322	6.830127370494594e-8	1.0000008870025731e-10	1.0138040640016362e-10	1.0006125440706601e-10
1.0000000367305514e-10	1.0000810896294545e-10	1.023667489543737e-10	0.0007071727475916851	1.0000001988693919e-10	1.0014927269281602e-10	1.0033968930179837e-10	1.0000004412141702e-10	1.0000000059620713e-10	1.0000001185930354e-10	0.003640856837809946	6.849825123657385e-8	1.0000637285462646e-10	1.013711445944732e-10	1.0000000000019075e-10
1.0000005856270354e-10	1.0000000932613812e-10	1.0237933622364736e-10	1.0000007567854165e-10	1.0000000320426318e-10	1.000000075933001e-10	1.0000000606921354e-10	1.0000000220884927e-10	1.0000000104858874e-10	1.0000000080552094e-10	6.932117328995999e-6	6.846439804508481e-8	1.0000055440156558e-10	0.0008761675728840068	1.0000540372008908e-10
1.0000001065571506e-10	1.0000018648541035e-10	1.00997579196116	1.0000008357975724e-10	0.9865533258988102	1.0099909661669566	1.0000018066603689e-10	1.0000004479440006e-10	1.0000000119988886e-10	1.0000302862754535e-10	1.7082450197084764e-5	6.829700014004961e-8	1.0000292655521269e-10	1.0138844702376278e-10	1.000000139777653e-10
1.0000002293849103e-10	1.0060009483605927	1.0196606054010004e-10	1.0000001436504916e-10	1.0000000419765952e-10	1.000006170265767e-10	1.0000013492240821e-10	1.0000003727229812e-10	1.000000016085124e-10	1.0000008180348064e-10	1.6385616502945885e-5	6.830743805629012e-8	1.0000007706005664e-10	1.0136781860331363e-10	1.0080841889506964
1.0088181234794615	1.0000000123864257e-10	1.0239648084304008e-10	0.9904958638529426	1.0000001039247529e-10	1.0099609537377938e-10	1.0094104243818263	1.000808133031753	0.9820318016201732	1.0088140888300627	0.7298548623107112	1.0010819089154328	0.9869287458427837	1.006973581187734	1.0000000000000671e-10
1.0000000582621786e-10	1.0001012123418133e-10	1.0111302450670545	1.000000876397575e-10	1.0096480050777266	1.011148831422321	1.0000008413296495e-10	0.01800144954397781	1.0000000037702744e-10	1.0000000121765066e-10	0.2860141719001234	6.831924134314746e-8	1.0000128897635096e-10	1.0139328641397985e-10	1.000000006072646e-10
1.0000000309382707e-10	1.0185569587902028	1.0236703647369558e-10	0.03433982517201583	0.024127341331810048	1.002436330854068e-10	1.0000008072563226e-10	1.0000004521724103e-10	0.03466260170614293	1.0000000000803904e-10	0.022220234113759448	0.014656108667290868	0.054602608611644336	1.0137258454426274e-10	1.020844590433137
1.0000000449175459e-10	1.0000000638370795e-10	1.0236881559905705e-10	0.4955664514535481	1.0000000097842441e-10	1.0034102119866053e-10	1.0000005466537229e-10	1.0000001119894068e-10	1.0000000036799396e-10	1.0000004558335935e-10	1.729356459118377e-5	1.0206283291739233	1.5625173134730664e-10	1.0138269078830743e-10	1.000000001279076e-10
1.0000000383654748e-10	1.0000452087456175e-10	1.0236884732413577e-10	0.5519710200623384	0.5540971090875582	1.0000518483348819e-10	1.0008075397782956e-10	1.029333378515158	0.5552491256896943	1.000004826056336e-10	1.8697123456612576e-5	6.831016317285473e-8	0.5582855440286443	1.040745887403246	1.0355737845634339
1.006907489597447	1.0174858172795298	1.0116542635671781	1.0000008752511878e-10	0.7315588860305613	1.0116837793697337	1.0093032814156342	1.0000007212975288e-10	0.4684812236989866	1.0068957594360546	0.46288361723748633	6.831825652802994e-8	0.7375883055741822	1.0119523992417679e-10	1.0000002731006297e-10
1.0000000309488863e-10	1.0000101544885877e-10	1.0236820533786477e-10	0.9688816118759176	1.000000083333798e-10	1.0006975786912139e-10	1.0000005688964906e-10	1.0000340374406713e-10	1.0000000035274215e-10	1.0000014086539371e-10	1.200477424943743	0.9953574608812485	1.0000089005715583e-10	0.47071546255484087	1.000833207812189e-10
1.0000002393078054e-10	1.0000264706482626e-10	1.0238776305840487e-10	1.000000641074318e-10	1.00000008534014e-10	1.0005946636242742e-10	1.0001659898259899e-10	0.9868404365470712	1.000000021182302e-10	1.0000051094979593e-10	1.5827630246505828e-5	6.831132919480423e-8	1.0000064531587776e-10	0.49562557258485096	1.0122592489867213
1.0000000480457282e-10	1.0000183166249405e-10	1.0237137089683927e-10	1.0000000748464923e-10	1.0000001791683154e-10	1.001468353424771e-10	1.0000000704048218e-10	1.0000010585679092e-10	1.000000126311829e-10	1.0000095607408615e-10	1.765591492362306e-5	6.828840699453693e-8	1.0000000328753878e-10	1.0137321702789085e-10	1.0000002012629977e-10
1.0000000388835492e-10	0.005686997368788633	1.023691792078618e-10	1.0000011378357673e-10	1.0000000206410389e-10	1.0120863926728853e-10	1.0000164524686136e-10	1.0000005095672806e-10	1.00000001182563e-10	1.0000016074547898e-10	0.3762498282428014	6.829874536943919e-8	3.27661591201115e-10	1.0138190521802258e-10	1.0001702433501594e-10
1.0000000280685981e-10	1.0000002156677199e-10	1.0236763101979111e-10	1.0000000817927124e-10	1.0000000799842816e-10	1.0143559014880713e-10	1.0000000482188163e-10	1.000006232459102e-10	1.0000000035193994e-10	1.0000084609948275e-10	1.8050571432156657e-5	6.829705925816602e-8	1.0000079163521132e-10	1.0140509956852263e-10	1.0000000683864753e-10
1.000000092521454e-10	1.0000056658074525e-10	1.0235310161649009e-10	1.0000008490166555e-10	1.0000000563621375e-10	1.0050413726833444e-10	1.0038941494714425e-10	1.0000007118354554e-10	1.0000000073088874e-10	1.000001871359749e-10	1.8979921643114317e-5	6.830854638988778e-8	1.0000146495896315e-10	1.0138065563700092e-10	1.0000000126697761e-10
1.0000008580737383e-10	1.0000437399756342e-10	1.0237321833673199e-10	1.0000003315948915e-10	1.0000000444909893e-10	1.0000013549804666e-10	1.0001556489821502e-10	1.0000018091680387e-10	1.0000000377827976e-10	1.0000000141700621e-10	0.05158983623151333	6.830605511307385e-8	1.0000022356044706e-10	1.0136829722211427e-10	1.0000000195133827e-10
1.0000001755740059e-10	1.0000001344318983e-10	1.0493165776670742e-10	1.0000043321948348e-10	1.0000006565977329e-10	1.0045595282493042e-10	1.0007881452541957e-10	1.0000000200806089e-10	1.0000000181515316e-10	1.0000008243324975e-10	1.6453601188094285e-5	6.830249972568188e-8	2.624732738481646e-10	1.0139687131514572e-10	1.0003140212038019e-10
1.000000025251225e-10	1.0000017717832097e-10	1.0224086062140436e-10	1.0000002865526925e-10	0.6250463209321556	1.0000000665211761e-10	1.0056827200173176e-10	1.0000003436822152e-10	1.0000000187705565e-10	1.0000085562390136e-10	1.90873959318561e-5	6.83038576520312e-8	0.6862961215786504	1.0138262255732037e-10	1.0443637240089875e-10
1.0000003012859106e-10	1.0000429775935513e-10	1.0237399244091705e-10	1.0000002847752231e-10	1.0000000949328656e-10	1.0002935821961877e-10	1.0043122708380601e-10	1.0000006160611765e-10	1.0000000042965805e-10	1.0000006707578074e-10	1.9175551917230914e-5	6.831727005440564e-8	1.0000039132281559e-10	1.01382925756741e-10	1.0001412717820638e-10
1.0000002205650373e-10	1.0000006028846899e-10	1.0237464515405621e-10	1.0000009204943799e-10	1.0000000938606317e-10	1.0000004095913564e-10	1.0000002541719474e-10	1.0000005171752574e-10	1.2983898991997953	1.0000023998859911e-10	1.328450630939031	6.830261174950304e-8	1.0000271884968234e-10	1.013280077352482e-10	1.0002202520402947e-10
1.0000000963144273e-10	1.0000266361551632e-10	1.0227501708728659e-10	1.286428123906534	1.0000000783808459e-10	1.001704030720583e-10	1.0000034500221703e-10	1.0000065041511826e-10	1.00000000374791e-10	1.0000114817749525e-10	1.937133627411314e-5	6.830543635050276e-8	1.0000054674695739e-10	1.2375674918147304	1.0000000134908331e-10
