1.0000003321507671e-10	0.10020912679179932	1.850141902397436e-7	1.0000000939086289e-10	0.09834481267803016	1.0000000146279465e-10	0.10050104105993173	1.0000001503975933e-10	1.0000000229445795e-10	1.0000003296213193e-10	0.10022188738093417	1.0000001810928598e-10	0.02409687406634636	0.018168775335705257	1.0000000770971259e-10
0.08628922827526894	1.0000001282433154e-10	2.6671498274258685e-7	1.0000001085097365e-10	1.000000043955176e-10	0.07919487853172268	1.0000000032748307e-10	1.0000001329426679e-10	0.08628908406709493	1.0000001467462024e-10	1.0000000528405241e-10	0.08469158427331637	0.07524307853270626	0.0819938255976793	0.08706628327223806
1.0000000550203521e-10	1.0000001279890796e-10	1.8399159850350618e-7	1.0000002200673943e-10	1.0000002045040786e-10	0.012565846908795412	1.0000001320719297e-10	1.0000001918558364e-10	1.0000005335937096e-10	1.0000000898881752e-10	1.0000000000626127e-10	1.0000000298939363e-10	1.0000001682112507e-10	1.0000015658252968e-10	1.0000007711310793e-10
1.0000000901368225e-10	1.0000015236042564e-10	0.040105066573000135	1.0000000501440569e-10	1.0000002931387292e-10	1.0000003065017684e-10	1.0000001015280458e-10	0.05022973869545322	1.0000003015113162e-10	0.05014218019405253	1.0000000000090484e-10	1.0000001728892623e-10	1.0000001090956998e-10	1.0000003700140502e-10	1.0000000636630285e-10
1.0000001816632695e-10	1.0000001341421176e-10	9.25457438858183e-7	0.10019762723624909	1.000008191977793e-10	1.0000000670236436e-10	1.0000009207498593e-10	1.0000001439057684e-10	1.0000004449013167e-10	1.0000000813907086e-10	1.0000000070792506e-10	1.0000001589019812e-10	1.0000000633747542e-10	1.0000002515351831e-10	1.0000001345442742e-10
1.0000001558248688e-10	1.0000000000645701e-10	1.6427516946856805e-7	1.0000000813613419e-10	1.0000000184221702e-10	1.0000001125391502e-10	1.00000009025581e-10	1.0000000329669414e-10	1.0000019798356005e-10	1.0000002099292689e-10	1.0000000168217224e-10	1.0000001988858694e-10	1.0000000720379192e-10	1.0000002498950191e-10	1.0000013781652484e-10
0.016342685412305612	1.0000002148277871e-10	0.011841259823420358	1.0000000025500593e-10	1.0000001843056824e-10	0.021297555213331362	1.0000003396076598e-10	0.01818141251152101	0.016342704383818744	1.0000000182716133e-10	1.0000000000153793e-10	0.0163396372784771	0.025440613501385836	0.022953219140894668	0.01634343044047381
1.0000000911346379e-10	1.0000001700977846e-10	1.8441734247950207e-7	1.0000000773452155e-10	1.000000026259297e-10	1.000000069433421e-10	1.0000001739187288e-10	1.0000005794163305e-10	1.0000003047120954e-10	1.0000001501485267e-10	1.0000000108917955e-10	1.0000000054610605e-10	1.000000125195488e-10	1.0000001594421252e-10	1.0000000244415118e-10
0.004742259461564779	1.0000000003238188e-10	0.010242542705287381	1.0000001176787692e-10	1.0000000493676504e-10	0.0030085755516136244	1.0000000001638472e-10	1.0000001793862957e-10	0.004742322888581637	1.000001934949654e-10	1.0000000296732488e-10	0.0053248145892238145	1.0000007395521062e-10	1.0000003692881452e-10	0.004447671072733643
1.0000016765561543e-10	1.0000001412015986e-10	1.8391044341224376e-7	0.017547124856983204	1.0000000897843862e-10	1.0000002728033243e-10	1.000000210080238e-10	1.0000000039704272e-10	1.0000000898274664e-10	0.01457832390413303	1.0000001172472353e-10	1.0000001587233258e-10	1.0000000138571889e-10	1.0000004235301856e-10	1.0000003042227658e-10
1.0000001064363263e-10	1.0000002076984166e-10	9.691134974615489e-8	1.0000021936452766e-10	0.999267707975455	1.0000000422191176e-10	1.0000000309317657e-10	1.0000000554858144e-10	1.0000001601830331e-10	1.0000003527780109e-10	1.0000000055599894e-10	1.0156562850478728	1.0000005935472575e-10	1.000000300967733e-10	1.000000017573569e-10
1.000000013505115e-10	1.0030526356220624	1.8337591596815963e-7	0.9971939092327055	1.0000006839457276e-10	1.0000016280918975e-10	1.0055453044718805	1.000000000443023e-10	1.0000006442154234e-10	1.032093329472734	1.0000000046660556e-10	1.000000149596005e-10	1.0395121712386841	1.0000035025963231e-10	1.0093948358037654
1.0175989716309677	1.0000001786381261e-10	1.016840935837651	1.0000001018224201e-10	1.0000000992031818e-10	1.015800909284937	1.0000000673944937e-10	1.0064452308591738	1.0176005318519974	1.000000073776525e-10	1.0059275016743352	1.0000000909247577e-10	1.0000001024353664e-10	1.0263845231707371	1.0000000186710484e-10
0.016677983982236622	1.0000000079983661e-10	1.8349517883000692e-7	1.0000000773273987e-10	1.0050130234321193	0.009717404639065778	1.0000002274165643e-10	1.0000006982578871e-10	0.016678162333135425	1.0000000770473453e-10	1.000000038149523e-10	1.0340905970628533	0.002926583432031884	1.00000078401265e-10	0.0157768585791006
1.0000000538497186e-10	1.0093079059999785	2.0669602040595585e-7	1.0159711305922363	0.005326953963700487	1.0000000341494728e-10	1.0077810376367016	1.000000119133254e-10	1.0000002967622709e-10	0.9879426530091009	1.0000000255361207e-10	1.000000224730563e-10	1.0092351445623748	1.0000002525241699e-10	1.0241272768146423
1.0000001046102065e-10	1.0000001847590301e-10	1.8309729543915233e-7	1.0000000625147381e-10	1.000000052865663e-10	1.0000006176647019e-10	1.0000000756420836e-10	1.0000002431495688e-10	1.0000039623930396e-10	1.0000006982903625e-10	1.0000000702736628e-10	1.0000000184533523e-10	1.0000001341129747e-10	1.0000042681129623e-10	1.0000001307537982e-10
0.11214428116291016	0.001643744842151124	0.11272121832963267	0.2054312361373628	0.003101157949639025	0.11715409012961618	1.0000002443649737e-10	0.10453160664998801	0.11214371833130504	0.12882780761470256	1.0000000114033366e-10	0.11323792303304742	0.10410751890743414	0.10192190899579168	0.11072215792794336
1.0000000884908964e-10	0.1018374332263829	0.032320613876853595	1.00000007364338e-10	0.10152253864392362	1.0000000339121835e-10	0.10260221414798555	0.03495955902434443	1.0000002091755038e-10	0.03886636705345306	0.10133033956652981	1.0000000012070305e-10	1.0000000516437675e-10	1.0000012291779879e-10	1.0000000061116122e-10
1.0000000064207124e-10	1.0000001768866272e-10	1.839776449071129e-7	1.0000000113229032e-10	1.0000001249902016e-10	1.0000004646967586e-10	1.0000001012099145e-10	1.0000001876784376e-10	1.0000001865590696e-10	1.0000000111734014e-10	1.0000000125062481e-10	1.0000002252702026e-10	1.0000000602709398e-10	1.0000000176234491e-10	1.0000000231575682e-10
1.0000000986632332e-10	1.0000009635382964e-10	1.843145705424985e-7	1.0000003664382462e-10	1.0000000349430709e-10	1.0000008066581481e-10	1.000000060192638e-10	1.0000000454201447e-10	1.0000002123978229e-10	1.0000000519825472e-10	1.0000000149998021e-10	1.0000002262329953e-10	1.0000000787375952e-10	1.0000003700130377e-10	1.0000003319788227e-10
1.0000003566687489e-10	1.0000001932767622e-10	1.8255493671305212e-7	1.000000447154541e-10	1.0000003886226102e-10	1.0000008514677067e-10	1.0000000461137588e-10	1.0000000295210755e-10	1.0000071611275811e-10	1.0000000004829271e-10	1.000000014072192e-10	1.0000001850963142e-10	1.0000001377700179e-10	1.0000003701462254e-10	1.0000007416887524e-10
1.0000001926496762e-10	1.0000017953102952e-10	1.8186760562673394e-7	1.0000001135427634e-10	1.0000001177345007e-10	1.0000000364215079e-10	1.0000008154574171e-10	1.0000002678966985e-10	1.0000017057556696e-10	1.000000152941859e-10	1.00000001193991e-10	1.000000241922987e-10	1.0000001303307907e-10	1.000000369629522e-10	1.0000002648196178e-10
1.000000258426849e-10	1.0000001481095032e-10	0.07128243031264306	1.0000000102307635e-10	1.0000002953451357e-10	1.0000001059400336e-10	1.0000002176733267e-10	1.0000002590946527e-10	1.0000006503104593e-10	1.0000000971934114e-10	1.0000000134977075e-10	1.0000002924969918e-10	1.0000005582351425e-10	1.0000005131243588e-10	1.0000006550917579e-10
1.0000006308941668e-10	1.0000001305612943e-10	1.8312617006773516e-7	1.0000000942485562e-10	1.0000007071209974e-10	1.000000324487419e-10	1.0000009273899228e-10	1.0000000165688793e-10	1.0000001425456189e-10	1.0000000828980754e-10	1.0000000211771256e-10	1.0000008970740422e-10	1.0000000639039202e-10	1.0000000000739813e-10	1.0000000501528144e-10
1.0000001849548309e-10	1.0000000031390034e-10	1.7887750744990206e-7	1.0000000997139732e-10	1.0000002868996115e-10	1.0000000396394885e-10	1.0000002092953013e-10	1.000000000533372e-10	1.0000000087412527e-10	1.0000000896533337e-10	1.0000000034275867e-10	1.0000002975872077e-10	1.0000000071237021e-10	1.0000011367641575e-10	1.0000000311309805e-10
1.0000003042065086e-10	1.0000003477401049e-10	1.8322480052056632e-7	1.0000000374774526e-10	1.0000003097710831e-10	1.0000000314520854e-10	1.0000001704798791e-10	1.0000000076406789e-10	1.0000005700498549e-10	1.0000000001823072e-10	1.0000000691277419e-10	1.0000006030336446e-10	1.0000006534860688e-10	1.0000003588479914e-10	1.0000000207234227e-10
0.0552667801585135	1.0000001370176702e-10	1.8344373638081024e-7	0.15549415627930133	1.0000001293767945e-10	0.05635531264648841	1.0000000459617702e-10	0.06425842046394185	0.055266804985150374	1.0000000849067728e-10	1.0000000812883727e-10	0.05473509263308026	1.0000020557258958e-10	0.043343077927356116	0.07333096030415483
1.0000002848848458e-10	1.0000000526766019e-10	1.8337341227548563e-7	1.0000001245779624e-10	1.0000001882926486e-10	1.0000004970120978e-10	1.0000000870430233e-10	1.0000002882451596e-10	1.0000001211016245e-10	1.0000002784069217e-10	1.0000000421820842e-10	1.0000001417559002e-10	1.0000002072634329e-10	1.0000010856844056e-10	1.0000003718766144e-10
1.0000017585236915e-10	1.0000006056376894e-10	1.834303084126858e-7	1.0000000466613954e-10	1.0000000286112894e-10	1.0000001304423176e-10	1.0000000942145744e-10	1.0000001889047315e-10	1.0000001667909999e-10	1.0000003715480522e-10	1.0000001447464613e-10	1.0000000440474471e-10	1.0000000103433738e-10	1.0000001303914249e-10	1.0000000448933945e-10
1.0000000812517478e-10	1.0000001791866368e-10	0.11646610745023601	1.0000000603234454e-10	1.000000396545346e-10	1.0000001244025295e-10	1.000000000888519e-10	1.0000004014295511e-10	1.0000002520135027e-10	1.0000000311754463e-10	1.0000000292544158e-10	1.0000023932077048e-10	1.0000000199497128e-10	1.0000002597530808e-10	1.0000001165660663e-10
