1.6586529491256825e-10	9.814377902432902	1.0000012057890882e-10	1.0000002384571718e-10	9.810410089096006	1.0000016940328456e-10	1.0062985925333428e-10	10.079424813615598	19.9496569577294	1.0011579736753451e-10	9.81037836285498	2.0001531913185483e-10	9.814029931850797	1.000000000003602e-10	9.810406287918383
5.126529134722109e-6	1.0000000005359371e-10	1.0000011358246022e-10	1.0000000023834264e-10	1.0000000016702191e-10	1.000006144500604e-10	9.805810079022399	1.0000002472623475e-10	1.0000006665281213e-10	1.0004785705767357e-10	1.000000001219163e-10	64.19876273650746	1.0000000005160739e-10	0.11769470301386371	1.0000000002725283e-10
1.2722533232736477	1.0000000003053731e-10	1.0000009070533895e-10	1.0000000004384045e-10	1.0000000005757133e-10	1.000000660102672e-10	18.031280796274554	1.0000004425985426e-10	1.0000002576436104e-10	1.0002404463822896e-10	1.0000000017153457e-10	97.00092382176737	1.000000021980476e-10	6.861396720725173	1.00000000031952e-10
14.930018954408121	1.00000000239509e-10	1.0000009200598435e-10	6.488968097277622	1.0000000008832966e-10	12.232212517018091	1.0031628165568212e-10	1.0000000233328662e-10	1.000000343792431e-10	10.000946701790859	1.0000000065077291e-10	8.46852929965973e-6	1.0000000256196592e-10	1.0000000000138125e-10	1.0000000012035915e-10
1.608177872973833e-10	1.0000000188066697e-10	1.0000016718251929e-10	1.000000005292598e-10	1.000000000767702e-10	1.0000031327630413e-10	1.0045473933364664e-10	1.0000002424270212e-10	1.0000008114826307e-10	1.0000063543908041e-10	1.0000000019189659e-10	1.9820562071183026e-10	1.0000000003152852e-10	1.0000000002173795e-10	1.0000000001584506e-10
1.6143149558740962e-10	1.0000000004192625e-10	1.0000001790010145e-10	1.0000000012521358e-10	1.0000000042990852e-10	1.0000000000492615e-10	1.0012283386768938e-10	0.011764657765619217	1.0000004843652161e-10	1.0000000036831868e-10	1.0000000126333181e-10	1.5807060464432483e-10	1.0000000020575751e-10	1.0000000000001061e-10	1.0000000004623569e-10
1.5270477918722062e-10	1.0000000073262672e-10	1.0000007143594363e-10	1.000000008259995e-10	1.0000000042777973e-10	1.000000656583593e-10	1.0046935846619715e-10	1.0000001181052513e-10	1.0000005930397769e-10	1.0000000317176295e-10	1.0000000025895051e-10	1.987818306222522e-10	1.0000000006544201e-10	1.000000000013095e-10	1.0000000006073822e-10
1.5530988568430787e-10	1.0000000000091621e-10	0.035284127956376525	1.0000000016115673e-10	1.0000000004906542e-10	1.0000003430467233e-10	1.0037272551723321e-10	1.0000000167393811e-10	1.0000008632358251e-10	1.0000112762796794e-10	1.0000000016601046e-10	0.0004642466103532903	1.0000000185925798e-10	1.0000000000113363e-10	1.000000026015627e-10
1.9764501076979417e-10	1.0000000042309228e-10	1.0000010906614893e-10	1.0000000106067151e-10	1.0000000078290082e-10	1.000000641922767e-10	1.0030832114583823e-10	1.0000000012909847e-10	1.0000007617560859e-10	1.0014687524281632e-10	1.0000000924269517e-10	1.1807925280762932e-10	1.0000000048758079e-10	1.0000000000106329e-10	1.0000000013470146e-10
0.0004127074017813286	1.0000000033630268e-10	1.0000014081216653e-10	1.0000001973285051e-10	1.0000000004061743e-10	1.0000005819643632e-10	1.0028734713960332e-10	1.0000000711864828e-10	1.0000002781401804e-10	1.0000149197532147e-10	1.0000000013604225e-10	2.044632194342953e-9	1.0000000433761867e-10	1.0000000005226607e-10	1.0000000003955481e-10
1.9912038713825986	1.0000000044482743e-10	1.0000011542653887e-10	1.0000000025162801e-10	1.0000000005638472e-10	0.6734517983367528	1.1914470813970777	1.0000011370948657e-10	0.9926510824290483	1.0000007881596293e-10	1.0000000020751361e-10	0.0009663990364549232	1.0000000016413427e-10	0.42214153323957854	1.0000000010099864e-10
0.3887506880096579	0.99495919826393	0.951847900143036	0.18869923736111316	1.0000000035549373e-10	0.8082809735607308	0.037566010171479536	0.9936961269995345	1.0000006692676669e-10	0.6176349298044268	1.0000000003960455e-10	0.9656458529255703	0.9949610695840433	1.0000000000483662e-10	1.0000000022740952e-10
1.5571368878984089e-10	1.0000000039371595e-10	1.000001055318171e-10	0.8999416001030419	0.9951934165467919	0.30075329020766794	0.0009710806668920528	1.0000006998776272e-10	1.0000006318698456e-10	0.6192224897358033	0.9951920038456998	2.5756400499231047e-10	1.0000000020576781e-10	0.572291077865474	0.9951935096763016
4.2387833608219954e-5	1.0000000084674451e-10	0.9534983012014613	1.0000000026449168e-10	1.0000000007376602e-10	1.000001015963982e-10	0.223004032073983	8.922799779556613e-5	1.0000007625138342e-10	1.0000000000001275e-10	1.000000000650846e-10	0.26196188172038476	1.0000000392308305e-10	1.000000000097955e-10	1.0000000001579462e-10
1.1910220921984065e-10	0.9951363019914379	0.4859351481171511	1.0000000030530242e-10	1.0000000009457569e-10	1.0000164269212726e-10	1.0069741713086072e-10	0.9963802707965828	0.99278428638593	1.0000028734404968e-10	1.0000000006652701e-10	1.6942086899023461e-10	0.9951370266197354	1.000000000000021e-10	1.0000000230970157e-10
1.5835097259288128e-10	1.0000001559408435e-10	1.0000010702470771e-10	1.0000000078573659e-10	1.0000000025924894e-10	1.0000086145008243e-10	1.0001624349888556e-10	1.0000000000022626e-10	1.0000007614981445e-10	1.0000013160129329e-10	1.0000000020061709e-10	2.542821356237772e-10	1.0000000012558768e-10	1.0000000003552141e-10	1.0000000054168684e-10
3.8506298120068068	1.0000000004789089e-10	6.9330403854258975	1.0000000016300557e-10	1.0000000423960356e-10	1.0000044884503552e-10	3.261190142500949	1.0000007877986307e-10	1.0000003206956563e-10	3.564365819917812	1.0000000007413728e-10	1.9895277061097122e-10	1.0000000123770573e-10	2.843981386640113	1.0000000008000138e-10
1.632780623222631e-10	1.0000000063725164e-10	1.0000011475478317e-10	1.0000000118075857e-10	1.0000000004711285e-10	1.0000086468887146e-10	1.0086095283004946e-10	4.756161990064789e-10	1.0000007670319871e-10	1.0740070821146193	1.000000001533095e-10	1.9978252637649222e-10	1.0000000006260517e-10	1.0000000000001595e-10	1.0000000001469576e-10
2.2101531339367466	1.0000000008215148e-10	1.0000009361403252e-10	1.0000000003681461e-10	1.0000000004240338e-10	1.000012994007706e-10	1.1052557244452328e-10	1.0000001089997553e-10	1.0000001095408619e-10	1.0000128043323632e-10	1.0000000011806587e-10	98.33843532323924	1.0000000052873755e-10	1.0000000000010477e-10	1.0000000007335995e-10
1.5916753627364391e-10	1.0000000017469186e-10	1.0000011527644258e-10	1.0000000017411064e-10	1.0000000003912244e-10	1.0000506223654851e-10	1.000738410436127e-10	1.0000000264349502e-10	1.000000061421401e-10	1.0000056812796688e-10	1.0000000020359496e-10	1.0075886876393561e-10	1.0000000103383219e-10	1.000000000361918e-10	1.0000002199948302e-10
1.794768622573222e-8	1.0000000012684072e-10	1.0000012708950308e-10	1.0000000284439814e-10	1.0000000037643734e-10	0.3523200635768781	0.590326717892156	1.0000004705403712e-10	1.0000005755779338e-10	1.0000378434309828e-10	1.000000003223501e-10	0.07389408327656541	1.0000000057611831e-10	1.000000000033491e-10	1.0000000252250167e-10
1.242014204103744e-10	1.0000000014107929e-10	1.0000010764601902e-10	0.4657822187393645	1.0000000004784116e-10	0.18789676951708909	1.0099868595365035e-10	1.000000000054619e-10	1.0000007803230616e-10	1.0000025469877545e-10	1.0000000012431403e-10	0.011890226962766828	1.000000003019014e-10	1.000000000082252e-10	1.0000000045420091e-10
1.638976681761935e-6	1.0000000055733654e-10	1.0000011355951215e-10	1.0000000051409007e-10	1.0000000008638385e-10	0.10523685710398448	1.0021586849747899e-10	1.000000462484607e-10	1.0000007594603988e-10	1.0000016374809358e-10	1.000000068008797e-10	0.7536685842503298	1.0000000011045028e-10	1.0000000002750614e-10	1.0000000003932921e-10
0.30828586854267903	1.00000000327606e-10	1.0000010451594954e-10	1.0000000050336833e-10	1.0000000004888494e-10	1.0000039929124672e-10	1.0147737254639661e-10	1.0000012739119992e-10	1.0000004019271054e-10	0.8663312947941662	1.0000000050163035e-10	2.8700436700857246	1.0000000022337399e-10	1.0000000001073698e-10	1.000000003196806e-10
1.5025579865030815e-10	1.0000000023314679e-10	1.0000013555279725e-10	1.0000000018355163e-10	1.0000000005677979e-10	1.0000004453799526e-10	1.0070631428593409e-10	1.0000000319583969e-10	1.0000007322300289e-10	0.3435519582038434	1.0000000019516082e-10	1.9951388775545309e-10	1.0000000239993198e-10	1.000000000005485e-10	1.0000000001645115e-10
1.5866721670484298e-10	1.0000000000611986e-10	1.0000009886572821e-10	1.0000000040244107e-10	1.0000000013419448e-10	1.0000009028441732e-10	1.033275055706159e-10	1.0000000001141021e-10	1.0000008879957494e-10	1.0000999387538724e-10	1.000000000319545e-10	1.0939085139287609e-10	1.0000000071864147e-10	1.0000000000100787e-10	1.0000000014353209e-10
1.6414893715607748e-10	1.0000000013080519e-10	1.0000008660505609e-10	3.8938932011469087	1.0000000007427974e-10	1.0000002845389747e-10	5.748584121062526	1.0000000000007706e-10	1.000000487995029e-10	2.8276053095441203	1.0000000028444905e-10	2.0534816558964393e-10	1.0000000027670271e-10	1.0000000000000884e-10	1.0000000084577354e-10
4.9254310745452	1.000000005899501e-10	1.0000009868209004e-10	1.0000002696786692e-10	1.0000000011883326e-10	1.0000009767500734e-10	1.0142702047173269e-10	1.000000014723582e-10	1.0000002245582066e-10	1.0000058864334364e-10	1.000000000496026e-10	2.9851124203830494e-10	1.0000000011720683e-10	1.0000000000069025e-10	1.0000000018098088e-10
1.777863323691309e-10	1.0000000035334114e-10	1.0000024330781799e-10	1.0000000004596426e-10	1.0000001110873016e-10	1.0000487798656663e-10	1.0086122118917696e-10	1.0000001323785147e-10	1.0000002702436609e-10	1.0000078636379384e-10	1.0000000017205042e-10	1.4825492198023994e-10	1.0000000039197264e-10	1.0000000000140435e-10	1.0000000011058208e-10
1.5779969234542506e-10	1.0000000101528738e-10	1.0000012068641762e-10	1.000000001686352e-10	1.0000000004622893e-10	1.0000155530257063e-10	1.0011342057535826e-10	1.0000003137894522e-10	1.0000007905625483e-10	1.0000124964681465e-10	1.0000000042987477e-10	1.3377292209465695e-10	1.0000000041236095e-10	12.842732789657425	1.0000000002674337e-10
