9.623199098778916e-9	0.30518086095023406	0.30063955289852135	0.3005286089135804	1.0266194784614424e-10	0.2974317130631041	0.2974197419674484	1.0001465575211098e-10	0.2973767862342374	1.0535247833579787e-10	1.0000001462540307e-10	0.29909404740317896	0.29909767567781426	0.30052855998347616	6.021855779572294e-5
9.643709117362182e-9	1.0000000010987616e-10	2.906644521928496e-7	1.000003685243315e-10	1.0000175725475854e-10	1.000003567790562e-10	5.341860045807651e-8	1.0000668173032982e-10	4.491615658590492e-8	0.3003851809301043	1.0000001633149e-10	1.0040005698882737e-10	1.0000001994184283e-10	1.0000173530028612e-10	8.461797570704879e-5
9.560839737779654e-9	1.0000000030079189e-10	2.907287933023119e-7	1.0000034867051853e-10	1.0031056405998118e-10	1.0000046547093011e-10	5.3427146554889265e-8	1.0004523830660765e-10	4.491544704776522e-8	1.0000104774684592e-10	1.0000001684571553e-10	1.0002194157055346e-10	1.0000000220031672e-10	1.0000164542373114e-10	6.911184840377178e-5
9.630838527057126e-9	1.0000002284783926e-10	2.9117377151818686e-7	1.000003424652819e-10	1.0088152062579958e-10	1.0000012521322203e-10	5.342049942458812e-8	0.14599624160902724	4.4907304344018445e-8	1.0000106527180027e-10	0.14978867516342184	1.0042910320349726e-10	1.000000035434095e-10	1.0000101757309975e-10	0.05565075218000296
9.625147905055583e-9	1.0000000009642772e-10	2.911276521713042e-7	1.000002954929303e-10	1.1101862728178576e-10	1.0000063369450716e-10	5.3424735102348356e-8	1.0000030056426727e-10	4.498257180356601e-8	1.0000526851831254e-10	1.0000001179402277e-10	1.0013578188847807e-10	1.0000000122422211e-10	1.0000120271344482e-10	0.02008924528204967
9.607970193180769e-9	1.0000000010994508e-10	2.90551370060032e-7	1.0000028468357645e-10	1.0113248331313886e-10	1.0000066406382974e-10	5.3564945537570766e-8	1.0000931201448209e-10	4.513366452177949e-8	3.481759873211273e-8	1.000000025511472e-10	1.0009338890488207e-10	1.0000000639121554e-10	1.0000116826888158e-10	9.670042597857833e-6
9.609980392721982e-9	1.0000000000070873e-10	2.921153349779964e-7	1.0000028175460334e-10	1.0099294649425799e-10	1.0000037580436452e-10	5.352445372375717e-8	1.0001079245088958e-10	4.5083305426322266e-8	0.004747584143080872	0.015229484285614237	1.0000000011937221e-10	1.0000001120315029e-10	1.0000154805435667e-10	6.583780642807057e-6
9.623870172631954e-9	1.0000000026435632e-10	0.000780390205521554	1.0000018471883013e-10	1.0388147093824965e-10	1.000001225247044e-10	5.349091419126599e-8	1.0004181439898426e-10	4.5028195492885935e-8	1.3491991638656907e-10	1.0000002795609074e-10	1.0000881318152652e-10	1.000000047171622e-10	1.0000171728029792e-10	7.389824668216e-6
0.03312941831707304	1.0000000002753562e-10	2.9275279708320114e-7	1.0000031403329104e-10	0.03340161831223855	1.0000195570057428e-10	5.3447717965021145e-8	0.012594305189328503	3.899494788479495e-8	1.000000010702539e-10	1.0000001416921042e-10	0.00039879785963486806	0.0003954079516970912	1.0000204702983337e-10	2.5811290212911446e-5
9.611291915077907e-9	1.0000000015890751e-10	2.93094907735849e-7	1.0000030680390446e-10	1.0052908960956274e-10	1.0000013339308513e-10	5.359292930234693e-8	1.0007540674241712e-10	4.5159451561722766e-8	1.0100079844496639e-10	1.000000158329852e-10	1.001736562123277e-10	1.0000000100138952e-10	1.0000184780677535e-10	6.216103771333516e-5
9.622402623978693e-9	1.0000000001757701e-10	2.8914154303884556e-7	1.0000027828769611e-10	1.0099424536204166e-10	1.01428325866873	1.013396791066582	1.0000051148723829e-10	1.0062720959731377	1.0000025987811384e-10	1.0000002213506562e-10	1.0033542336432521e-10	1.0000000194360508e-10	1.0000219295010203e-10	0.9789326289107837
9.613734328746297e-9	1.0102642655744758	2.8910981765970436e-7	1.0127235778180483	1.0000027932215365e-10	1.0000009493354395e-10	5.339501677706742e-8	1.0056949732842373	1.509980987450751e-8	1.0050223533502745e-10	1.000000065538332e-10	1.000032463930626e-10	1.0000000508573602e-10	1.0127192212578349	0.0001299618107029004
1.0082125574584584	1.0000000009409749e-10	1.0127513149553946	1.0000026787835481e-10	1.0080599688104614	1.0000033064195167e-10	5.341733395118861e-8	1.000028273750516e-10	4.4972013076510026e-8	1.0128391025853316	1.0481058412041824	1.0139799429272693	1.0140103781193703	1.0000195260746197e-10	1.5181039096875847e-5
9.624356168666961e-9	1.0000000008471549e-10	2.914869855996597e-7	1.0000029483587209e-10	1.0000092075615165e-10	1.015482524467427	1.0145994023894451	0.01908254720581993	1.0160424637736176	4.826903209365961e-5	1.0000001753992088e-10	1.000000006553147e-10	1.0000000601526025e-10	1.0000159816712498e-10	1.0312256894032727
9.625090911481686e-9	1.0134260482269597	2.9149415025803206e-7	1.0140426164691267	1.4142129586144025e-10	1.0000115984003811e-10	5.3444277949870944e-8	0.9788331494144094	4.734664908965857e-8	1.0000013421587803e-10	1.0000000603420758e-10	1.0002784855169397e-10	1.0000001262572203e-10	1.0140382778615118	8.997039269817164e-6
9.624441857687524e-9	3.03211499051669	2.900721727597561e-7	1.0000037917593698e-10	2.888603088609919	1.0000036324927951e-10	5.3425451856026206e-8	1.0012043879807398e-10	3.040436218031293	1.0000027981916405e-10	1.0000003229486317e-10	1.0047307285943505e-10	1.0000000708899912e-10	1.0000155914259166e-10	2.847116227335246
9.603504454454683e-9	1.000000001264556e-10	2.9006167162594323e-7	1.0000019016407536e-10	1.0677325587124327e-10	1.0000056407193825e-10	5.341048210191544e-8	1.0000002331165715e-10	4.49676915490503e-8	0.17341214961187956	0.2715090736611291	1.0003130835748175e-10	1.0000000473773206e-10	1.0000157343516381e-10	2.2561479340352804e-5
2.8896296575131277	1.0000000067895445e-10	3.0352571956318974	3.0343848284545842	1.0013582436231971e-10	3.0399266922015133	3.03682744216408	2.992031306697215	4.498865200953054e-8	2.8563153135731825	2.8618067166545065	3.0374067830215825	3.037548625835903	3.034368788567719	1.2321157530724223e-5
0.25062628335592235	3.025552094422867	2.905171364660872e-7	1.0000026084923679e-10	3.1402769049408192	1.000016185533286e-10	5.3412408792573917e-8	1.0001844744075444e-10	3.010231606854159	1.0000000038060679e-10	1.000000000937408e-10	1.0007977021386872e-10	1.000000129885767e-10	1.0000186502261425e-10	3.1202596466607457
9.628428724493195e-9	1.0000000000377259e-10	2.9053452310081803e-7	1.0000000045726512e-10	1.1456937387162513e-10	1.0000086183074584e-10	5.342632522895662e-8	1.0000093223652578e-10	4.5246110092554796e-8	1.0000000102574621e-10	1.0000000500459487e-10	1.000789316460884e-10	1.0000000202739015e-10	1.0000118221415329e-10	1.62669943022949e-5
9.626898265577891e-9	1.0000002152915408e-10	2.891256697865327e-7	1.0000024254636409e-10	1.030927900692968e-10	1.0000000003542549e-10	5.3465706046265697e-8	1.0000020026835882e-10	4.7133569523249946e-8	1.120329527736368e-10	1.0000000784116727e-10	1.0006002807750212e-10	1.0000000415459564e-10	1.0000148240939033e-10	0.015974279878989268
0.11691057028110761	1.0000000017226891e-10	2.8913329681839327e-7	1.0000011486906665e-10	0.11769728141938487	1.000008195567662e-10	5.3416649384958e-8	0.04696674340774037	4.499093686211188e-8	3.2408804874989346e-7	1.0000001159207905e-10	1.0025291054423076e-10	1.0000000803543251e-10	1.0000136643621304e-10	0.03419811461128171
9.579192552535215e-9	1.0000000003807262e-10	2.897922468621323e-7	1.0000030190523882e-10	1.1412814948371291e-10	1.0000040237031536e-10	5.34504011510668e-8	1.0000002477556276e-10	6.3787165151189e-7	1.0000175183800189e-10	1.0000000085040202e-10	1.0005298449622386e-10	1.0000000253299e-10	1.0000123745145354e-10	0.018893799308780646
9.633440901658036e-9	1.0000012848489854e-10	2.8960149159669756e-7	1.000000352564713e-10	1.0000116827392045e-10	1.0000000000054033e-10	5.3440448724563284e-8	1.0006301112151464e-10	4.5069165743290285e-8	1.274628010845765e-10	1.0000001367993311e-10	1.000990777251549e-10	1.0000000818311599e-10	1.0000162159922595e-10	0.000705216345796853
9.61081294520087e-9	1.0000000050448033e-10	2.903085225329894e-7	1.000002321184177e-10	1.4099282863374502e-10	1.0000029005177741e-10	5.346937925052122e-8	1.0000322843532549e-10	4.5325843378614884e-8	1.0000251217366734e-10	1.0000001626007652e-10	1.0000657729584295e-10	1.0000000241753426e-10	1.0000199093480333e-10	1.3006415804560648e-5
9.618231647534207e-9	1.00000000469614e-10	2.8977571529664466e-7	1.0000018401393883e-10	1.0557902495760499e-10	1.0000040538815816e-10	5.341940541510911e-8	1.0000000050076526e-10	4.499991574223221e-8	1.0006441384706987e-10	1.0000002818298841e-10	1.000000004114074e-10	1.0000001291078114e-10	1.000020648639274e-10	1.5481007294211482e-5
9.615272240175773e-9	1.0000000034437374e-10	2.897802478595882e-7	1.0000044299073662e-10	1.0063161898967797e-10	1.0000019034684506e-10	5.341740168582646e-8	0.18236631690712593	4.3306460282905046e-8	1.0000962136814147e-10	1.0000002428840034e-10	1.0011296051628295e-10	1.0000000187699489e-10	1.0000134742491096e-10	0.24284420860980527
9.582411430306708e-9	1.0000000034926511e-10	2.900134929459193e-7	1.000000521616738e-10	1.000008634580992e-10	1.0000021296044151e-10	5.341696001310484e-8	1.0000511660749803e-10	4.4965486952898767e-8	1.0020507716216221e-10	0.3019149027968996	1.0019275718683106e-10	1.0000000422661911e-10	1.0000186986285213e-10	1.0092423830306218e-5
9.645650642398403e-9	1.0000000014600903e-10	2.90072378090756e-7	1.0000054691891997e-10	1.1338610484783586e-10	1.0000122707640024e-10	5.341831132001483e-8	1.0000148553836677e-10	4.4953670194074784e-8	0.3622545888808012	1.0000039332676961e-10	1.0013629930197974e-10	1.0000000037225436e-10	1.0000198940599188e-10	1.1793606110445568e-5
0.3968582849895727	1.0000000034654444e-10	2.9028519911943756e-7	1.0000027645740898e-10	0.3961759304792996	1.0000017517133442e-10	5.3422407968028825e-8	1.0009815095540207e-10	4.4926667681760056e-8	1.012097849825433e-10	1.0000001184068376e-10	1.000160794073861e-10	1.0000000110007929e-10	1.000011710937032e-10	1.0082082484721623e-5
