1.0000000722723664e-10	1.0000000281571922e-10	0.2995676094693207	2.9721003315914724e-10	0.2976087157559916	1.0000002380765305e-10	0.3005616645551339	3.443936051071337e-8	0.29760725211065164	0.29744073748194394	1.0000068481919837e-10	0.2995635722628642	1.0000000012966868e-10	1.0000074814446912e-10	1.0000000140928723e-10
1.00000008028045e-10	1.0000002954973552e-10	1.0000000386965663e-10	2.9701462991671536e-10	1.4435452416696981e-9	1.0000000216749781e-10	1.0000000012401702e-10	0.32601510046656623	2.5363957407157078e-9	1.000000023565949e-10	1.0000000340856732e-10	1.0000002310872966e-10	1.0000000032341237e-10	0.29966940028881095	1.0001016076673747e-10
1.0000000829365442e-10	0.3051019945476669	1.000000304158714e-10	2.9715104424810746e-10	1.4449533168972058e-9	1.000008396432633e-10	1.0000000022148323e-10	3.4893734115892586e-8	2.533645025974523e-9	1.0000000002531802e-10	0.30111337490876144	1.0000000686211001e-10	1.0000000006479684e-10	1.0000098229395625e-10	1.0001392604203652e-10
1.0000003589167968e-10	1.0000025596606256e-10	1.0000000020583709e-10	0.07228776798985329	1.44382417039418e-9	1.0000000041080451e-10	1.0000000127500176e-10	3.3889882651335504e-8	3.0760338051931046e-9	1.0000002345795082e-10	1.0000000236412311e-10	1.0000000723105864e-10	0.14980554890232745	1.0000059800197993e-10	0.1514091354590463
1.0000000911239193e-10	1.0000008033757756e-10	1.0000000399571047e-10	2.970044663572561e-10	1.4470385180108048e-9	1.0000000238864039e-10	1.0000000005284587e-10	3.475447763023194e-8	2.536563371706269e-9	1.0000005134621403e-10	1.0000000324861207e-10	1.0000000655525394e-10	1.0000000071020839e-10	1.0000044067730761e-10	1.0000000085941313e-10
1.000000041958693e-10	1.000000624197507e-10	1.0000000261636862e-10	2.9728874727917573e-10	1.4440590685782923e-9	1.0000000356789267e-10	1.0000002581768195e-10	3.501181527931497e-8	2.510682826811793e-9	1.0000000721458897e-10	1.0000000242664767e-10	1.000000043310156e-10	1.0000000028348946e-10	1.0000052330069092e-10	1.0000000226098072e-10
1.0000017310303364e-10	1.0000000533452581e-10	1.0000009794875556e-10	2.9709632246235376e-10	1.4434419120569159e-9	1.0000000375639078e-10	0.0006901323707095752	3.461205194400821e-8	2.5135439532164108e-9	1.0000000564201462e-10	1.0000000191988147e-10	1.0000000053529195e-10	0.015120936924188533	1.0000067519775512e-10	1.0000106972217659e-10
1.0000008046176773e-10	1.0000001918542447e-10	1.0000000164827012e-10	2.9715868072473884e-10	1.4478855105417683e-9	1.0000000148987877e-10	1.0000000324288224e-10	3.493671134623237e-8	2.5356436154810115e-9	1.0000081119289272e-10	1.0000000203295405e-10	1.0000005849476212e-10	1.0000000081751349e-10	1.0000057359613853e-10	1.0000033988739813e-10
1.0000000242746977e-10	1.0000002401481822e-10	1.000000017331043e-10	0.004343085276605035	1.4418042914276802e-9	1.0000000301570396e-10	1.0000000104634911e-10	2.631519047816721e-8	2.5469576448836407e-9	1.0000003649775402e-10	1.0000000191662932e-10	1.000000000205485e-10	1.0000000682297331e-10	1.0000009163934503e-10	1.0001097810892757e-10
1.0000000115426882e-10	0.012997293408279823	1.000000008072394e-10	2.970289576025926e-10	1.4448101869216762e-9	1.0000000225603535e-10	1.0000000045796643e-10	3.497032666415134e-8	2.487002620094345e-9	1.0000000744259576e-10	1.0000001533824133e-10	1.0000000010043518e-10	1.0000009786913882e-10	1.0000001430844554e-10	1.0000000029848085e-10
1.0000221413577924e-10	1.0000001377596652e-10	1.0000000013232683e-10	2.968487574359166e-10	1.4402553139801687e-9	1.0000000102572525e-10	1.0000000176350204e-10	4.580529681666405e-8	1.5159224984769399e-9	1.0139349341515551	1.0000000191707874e-10	1.0000000313387716e-10	1.0000001391745585e-10	1.0000064729448846e-10	1.0116954828515161
1.0000005283796874e-10	0.15859486782644608	1.0000000395115944e-10	1.0326378103557716	1.4444124912130363e-9	1.0000000055741328e-10	1.0000000018095672e-10	0.9807593269497562	2.753492958614406e-9	1.0000008324372921e-10	1.0000000396488606e-10	1.000000000554603e-10	1.0000000014923135e-10	1.0394654228112934	1.0000000490973954e-10
1.0103903467767683	0.8878357273594468	1.0144212433687774	2.966524322425528e-10	1.0147568860048617	1.0103532076096895	1.0129412615223328	3.409486693791917e-8	1.0147416775295184	1.000000410482221e-10	0.9769684654833721	1.0142431618444816	1.0484743965284635	1.0000071753788116e-10	1.0000000053214176e-10
1.0000000413957797e-10	1.0000001600176613e-10	1.0000000095671912e-10	2.9703564124299123e-10	1.4439631452730867e-9	1.0000000546810891e-10	1.0000000050887007e-10	0.12042123372939265	6.837034458302815e-9	1.0151338844942044	1.0000001804379738e-10	1.0000000004409802e-10	1.0000000064529782e-10	1.0000065079627931e-10	1.0108829876279641
1.0000000272723355e-10	1.0000000543410661e-10	1.0000000687508843e-10	0.9635422598455362	1.4444559790664984e-9	1.0000000180574486e-10	1.0000000016324076e-10	1.0153877760737384	2.5365093450513487e-9	1.0000007627162964e-10	1.000000019159607e-10	1.0000000020197777e-10	1.000000314240853e-10	1.073006392144458	1.000002308821895e-10
1.0000017977980553e-10	1.0000000149877405e-10	1.0000000057999255e-10	2.970162912825781e-10	3.0380551623493073	1.0000000799016881e-10	1.0000000027255847e-10	0.3055400839072046	3.038000728900097	1.0000000430559238e-10	1.0000000195478582e-10	1.0000000003123968e-10	1.000000001220371e-10	1.0000074759140126e-10	1.0000000017075582e-10
0.12436220376866912	1.0000000578066887e-10	1.0000032941452911e-10	2.9698993339105895e-10	1.442837208327376e-9	0.1243502347422815	1.0000000363953848e-10	0.21086941547834015	2.535930100302902e-9	1.0001044744382407e-10	0.14354299224461936	1.0000000017491178e-10	0.27032960458095984	3.0607543684296377	3.0903100185496717
2.897204701542073	3.095607678677574	3.0426678962374116	2.978828509824639	1.4444360518244095e-9	2.8969835087637574	3.0327835951508626	2.278718991224916	2.533867471491335e-9	3.038860041350321	3.0560102151068276	3.0420111952517064	2.863900103020675	1.0000045860503159e-10	1.0000222162566692e-10
0.12891374032920833	1.0000008012506293e-10	1.0000000393431141e-10	2.972605887155438e-10	3.0419319844488673	0.12891124630881162	1.0000000092462177e-10	0.5102222666281953	3.041879459768341	1.000001068002861e-10	1.0000000186162905e-10	1.0000000004666663e-10	1.0000000016891764e-10	1.000006442499026e-10	1.0000000058934897e-10
1.000000021670054e-10	1.0000000058477984e-10	1.000001292655828e-10	2.972792083699733e-10	1.4444858568417485e-9	1.0000000082635903e-10	1.0000000008921358e-10	3.490340188840792e-8	2.5363516091821837e-9	1.0000000259523673e-10	1.0000008394768865e-10	1.0000000434790982e-10	1.0000001761882312e-10	2.8698367298772225	2.9638377969917324
1.0000001106219848e-10	1.0000009930365284e-10	1.0000013013646027e-10	2.971735643816294e-10	1.4410785561183395e-9	1.0000000037447304e-10	1.0000000173699665e-10	2.7398872927904968e-8	2.520534151260614e-9	1.0000005053471164e-10	1.0000000184952993e-10	1.0000000449387627e-10	1.0000002609157422e-10	1.0000067175354299e-10	1.0000000005548375e-10
1.0000001499045477e-10	1.0000001045039484e-10	1.0000002966367606e-10	2.97085075061311e-10	1.4432286577460927e-9	1.0000000351571006e-10	1.0000000114706463e-10	3.120869623773844e-8	2.53291045401824e-9	1.0000000213508356e-10	1.0000000357171291e-10	1.0000000021646964e-10	1.0000000372200336e-10	1.0000072524213774e-10	1.0000070371208677e-10
1.0000000049513491e-10	1.000000174142049e-10	1.0000000833230511e-10	2.969806711632534e-10	1.4412660019875811e-9	1.0000000076876954e-10	1.0000000087413913e-10	0.13237969970622365	1.7299732864111499e-9	1.0000231081892072e-10	1.000000018688105e-10	1.0000000004656929e-10	1.0000000599299078e-10	1.0000078719961433e-10	1.0000081567044153e-10
1.0000046342153771e-10	1.0000001194284774e-10	1.0000000101141137e-10	2.969274518948282e-10	1.4416621742366647e-9	1.0000000097600893e-10	1.0000000001151892e-10	3.494302173116426e-8	2.535241914555275e-9	1.0000005970230534e-10	1.0000000195327841e-10	1.0000001019228838e-10	1.0000000355004277e-10	1.000007594588376e-10	1.0000006141651418e-10
1.0000000278817112e-10	1.0000007467225571e-10	1.0000000162389993e-10	2.970691658915701e-10	1.4416602451539608e-9	1.0000004463434704e-10	1.0000000003679649e-10	3.033568433729059e-8	2.535712255224975e-9	1.0000000488871245e-10	1.0000000193346883e-10	1.0000000019756423e-10	1.0000002381979054e-10	1.0000070281222105e-10	1.0000000053225615e-10
1.0000484628815777e-10	1.0000006234535008e-10	1.0000000003433979e-10	2.968988169453946e-10	1.4425865307910387e-9	1.000000060998223e-10	1.0000000332477442e-10	0.4395234302630425	2.535567596693314e-9	1.0000009359752624e-10	1.0000000192255348e-10	1.0000000003370882e-10	1.0000001965273964e-10	1.0000078451782556e-10	1.0000963936903791e-10
1.0000002702611047e-10	1.0000000346170347e-10	1.0000000409317633e-10	2.9712874367592804e-10	1.4410409222446342e-9	1.0000000200233286e-10	1.0000000005294179e-10	3.491303286722885e-8	2.5335397144546295e-9	1.0000003791104785e-10	0.18602611137866637	1.0000000002111729e-10	1.0000000643725624e-10	0.22981755119531946	0.19619215191254474
1.0000000112614555e-10	1.0000000053099636e-10	1.0000015296123734e-10	2.969596489506292e-10	1.44260116237568e-9	1.0000000671689887e-10	1.0000000015443749e-10	3.493166186745456e-8	2.534283410751575e-9	1.0000007837242049e-10	1.0000000189171806e-10	1.0000000002981256e-10	0.30281826390351363	1.0000069247825522e-10	1.0000000020008844e-10
1.0000008079181795e-10	1.000000190433468e-10	1.0000000104658536e-10	2.9686348146866196e-10	1.4435283958035537e-9	1.0000000643806341e-10	1.0000000203741484e-10	3.4943626486482876e-8	2.5348893530833996e-9	1.0000000085971724e-10	1.0000000191734946e-10	1.0000001034990668e-10	1.000000478475656e-10	1.0000062212693984e-10	1.0000406743775634e-10
0.39536979958541085	1.0000001351555328e-10	1.0000000174982693e-10	0.2679831035885678	1.4431765097859223e-9	0.39536641578331344	1.0000000010170812e-10	3.4897290946643384e-8	2.5360064818349565e-9	1.0000064481476639e-10	1.0000000204170119e-10	1.0000000002139014e-10	1.0000000025768183e-10	1.0000064745260194e-10	1.0000060516162888e-10
