0.9960233090169677	0.9961069367314364	0.9932953109512667	1.0000004134058e-10	0.996108045365094	0.9961056635848434	0.9961073051242645	1.0000470892556383e-10	0.9933007155053629	1.0007141964469136e-10	0.9960820346527846	1.0011025667558503e-10	1.0000020369007878e-10	0.9959719368448531	1.0000049168181144e-10
1.0000001915441496e-10	1.0000000743425078e-10	8.004268822380534e-10	1.0000000700592387e-10	1.0000004907948884e-10	1.0000001838411366e-10	1.0000000014748874e-10	0.7055150450547366	3.079943978811943e-10	1.0008975757121246e-10	1.0000000926224434e-10	1.0008545639553723e-10	1.0000000126327816e-10	1.000000135996272e-10	1.0000049549619313e-10
1.0000006077223377e-10	1.0000000027679614e-10	7.997668407062185e-10	1.0000001190725346e-10	1.0000000825843353e-10	1.0000000101270384e-10	1.0000000036664534e-10	1.0000574028222714e-10	3.0799516172159407e-10	1.0006611690314484e-10	1.0000005156345086e-10	1.0013876903078293e-10	1.000002270981663e-10	1.0000001383563827e-10	1.0000009561572282e-10
1.0000003479371845e-10	1.0000000009011916e-10	7.998277875779361e-10	0.023756613924125994	1.0000000877950832e-10	1.0000000092121364e-10	1.0000000010349371e-10	1.0001397372717634e-10	3.0794673218166547e-10	1.0006828543830624e-10	1.0000001286222372e-10	1.0013289228489348e-10	0.5091743162494179	1.0000000003212644e-10	0.045040047716746315
1.0000000865942445e-10	1.0000000024777403e-10	7.998752081163209e-10	1.0000007949529562e-10	1.0000001700082668e-10	1.0000000848376334e-10	1.0000002740487853e-10	1.0097226490988685e-10	3.0798568171832325e-10	1.0006684097129022e-10	1.0000000730055221e-10	0.9397787156927616	1.0000000575839336e-10	1.0000005298297423e-10	1.0000023275973801e-10
1.0000000002037371e-10	1.0000002442276364e-10	7.997630274294989e-10	1.0000003657923128e-10	1.0000001838937346e-10	1.0000000434282126e-10	1.000000901587936e-10	1.000020017673928e-10	3.080083963689249e-10	1.0006121958794921e-10	1.0000002073986989e-10	1.0056308159583338e-10	1.0000000005292651e-10	1.0000001012209315e-10	1.0000001166144827e-10
1.0000000973099334e-10	1.0000000023184721e-10	8.000668491024521e-10	1.0000002065627701e-10	1.0000002270124644e-10	1.0000000083100705e-10	1.0000000007693398e-10	1.0001172121122687e-10	3.0799441737012894e-10	1.0008727929223664e-10	1.0000000843139066e-10	1.0013792376129599e-10	1.0000001972743617e-10	1.0000002426168641e-10	1.0000001318721038e-10
1.0000003420336525e-10	1.0000000002451973e-10	7.998135066337477e-10	1.0000000207728411e-10	1.000000207925204e-10	1.0000000091343605e-10	1.0000025431499683e-10	1.0000268490477485e-10	3.0802297340335955e-10	1.0008035168067058e-10	1.0000000518936405e-10	1.0012791311928651e-10	1.000000022217108e-10	1.0000004627742138e-10	1.0000001545777062e-10
1.0000001111632159e-10	1.0000000015691195e-10	8.003608659823634e-10	1.0000002816250985e-10	1.0000000011190973e-10	1.000000010935192e-10	1.0000001401441688e-10	1.0000085426853911e-10	3.080003221012217e-10	1.0007105243955647e-10	1.0000000959805433e-10	1.0014538740473252e-10	1.0000001276468679e-10	1.0000001203143609e-10	1.0000001165277787e-10
1.0000000749766069e-10	1.0000000085684309e-10	7.998235291909116e-10	1.000000940653704e-10	1.0000001367976151e-10	1.0000014032767056e-10	1.0000000813165208e-10	1.0000079605639715e-10	3.0800879886797767e-10	1.0007800448042566e-10	1.0000000970763247e-10	1.0017706926143606e-10	1.0000000123413489e-10	1.0000000732577079e-10	1.0000001254851835e-10
1.0000002146468048e-10	1.0000000140090035e-10	1.0102630043287912	1.0000004816687974e-10	1.0000000290417504e-10	1.0000003256847088e-10	1.0000010678502505e-10	1.0115658611872495e-10	1.010283845952724	0.9995985477789626	1.0000000048856276e-10	0.9572025057455507	1.0000000009905992e-10	1.0000000010400956e-10	1.0165015026918374
1.000000102055869e-10	1.0000000015319191e-10	8.004192093849395e-10	1.0000004042587452e-10	1.0000003036822984e-10	1.0000002133478827e-10	1.0000000587528937e-10	0.9186560386933225	3.0801903689288535e-10	1.0007806302778902e-10	1.0000003694790113e-10	1.0017305010397379e-10	0.9826400815655865	1.0000001627915779e-10	1.0000016969980201e-10
1.0090887450563082	1.0090455547576194	7.999040690306674e-10	1.0057350467345578	1.009046592027456	1.0090447354423966	1.009041336950768	1.0239201164189688e-10	3.0799095986394014e-10	1.0009306853335133e-10	1.0090431015843366	1.0012131115340853e-10	1.0000000492208522e-10	1.0089189324819416	1.0000021039444849e-10
1.0000001907115425e-10	1.000000001282476e-10	1.011427189542036	1.0000020109781042e-10	1.0000000250368081e-10	1.0000000032055776e-10	1.0000052118077807e-10	0.11371122046104003	1.01144891665695	0.9701294474781857	1.0000008889622233e-10	0.9718059607190903	1.0000000103266227e-10	1.0000004786980914e-10	0.996733115579682
1.0000000994066137e-10	1.0000000005711197e-10	7.996713508056759e-10	1.0000007984919735e-10	1.0000000532284307e-10	1.0000000030320737e-10	1.0000030179113811e-10	1.1642628247246027	3.079709918290197e-10	0.04815470905591036	1.0000005244386386e-10	0.08759055413803493	1.036164872528392	1.0000000191832681e-10	1.0000001168725732e-10
1.000000020483398e-10	1.0000000024831298e-10	7.995314276546102e-10	0.5247794723332673	1.0000008363640281e-10	1.0000000050466578e-10	1.0000000059132641e-10	0.0017058701141066525	3.0795373925907113e-10	1.0007497864164929e-10	1.0000003036948004e-10	1.0012173568935153e-10	0.748969006675695	1.000000024359565e-10	1.000000288143886e-10
1.0000002561340655e-10	1.0000000014996037e-10	8.000393135119136e-10	0.49681225296319154	1.0000001128632678e-10	1.0000000102919731e-10	1.0000039267374381e-10	0.38595600110228356	3.080512652289331e-10	1.0260922566048367	1.0000023451968685e-10	1.5383611912180177	0.5504877738812717	1.0000001128201627e-10	0.4930357499515311
1.007583410128317	1.0076104909199286	1.0124363105844048	1.0000006133605582e-10	1.0076115002579835	1.007605917118011	1.007607093085203	0.4785720739027474	1.012488415635311	1.0006312651441584e-10	1.0075617811773956	1.0142949548193745e-10	1.0000000001627956e-10	1.0072295685024826	0.5293462178026622
1.0000001794716781e-10	1.0000000017150188e-10	7.99067815267495e-10	0.9793343436100965	1.0000000998362115e-10	1.0000000035661923e-10	1.000000000001069e-10	0.32589214374683156	3.079804835058274e-10	0.5116906346523049	1.0000000921815693e-10	1.004794065644122e-10	0.7228410551290156	1.0000000596614506e-10	0.4504799085080463
1.0000000504753154e-10	1.0000000087920067e-10	8.002352059865311e-10	1.0000008541001029e-10	1.0000000877801048e-10	1.0000000027176302e-10	1.0000000893128913e-10	1.0000154618544475e-10	3.080406904250557e-10	0.4815004366589426	1.0000000917034984e-10	0.4808260004470562	1.0000002631977076e-10	1.0000004885084923e-10	1.0000001168127988e-10
1.0000000246224978e-10	1.0000000012824014e-10	7.99803310903606e-10	1.0000002972447615e-10	1.0000001529488755e-10	1.0000000077722714e-10	1.0000000618650995e-10	1.0000393924239305e-10	3.0795892679977566e-10	1.0005018626411671e-10	1.0000000516180494e-10	1.0005272853326101e-10	1.0000000000330612e-10	1.00000020343771e-10	1.0000003418037989e-10
1.0000002355394269e-10	1.000000051870452e-10	7.990820117894718e-10	1.0000004236997567e-10	1.0000000548677453e-10	1.0000000101687615e-10	1.0000000120720781e-10	0.15277358942470073	3.079978033133977e-10	1.0006852933164546e-10	1.0000004780143429e-10	1.0039399071249016e-10	1.0000008561918962e-10	1.0000001280556254e-10	1.0000006817013524e-10
1.0000002444523173e-10	1.0000001635434602e-10	7.999448446397057e-10	1.000000254526089e-10	1.0000002333194316e-10	1.0000000003453127e-10	1.0000007703386139e-10	1.0000438907762497e-10	3.079842932880898e-10	1.0015836587384022e-10	1.0000000653061018e-10	1.0012380823362477e-10	1.0000011506048779e-10	1.000000093041884e-10	1.0000003312353176e-10
1.0000000093222564e-10	1.00000000776102e-10	7.996484506790297e-10	1.0000007783648008e-10	1.0000002196150024e-10	1.0000000100541473e-10	1.0000000011954238e-10	1.0000455157577927e-10	3.079931761519965e-10	1.0007202706069525e-10	1.0000000403349785e-10	1.0009958955965174e-10	1.0000000008847816e-10	1.0000001405981418e-10	1.000000446416397e-10
1.0000002764786609e-10	1.0000000016800353e-10	8.001755319643182e-10	1.0000001089519676e-10	1.0000000837682808e-10	1.000000805366288e-10	1.000000151340608e-10	1.0190530919531568e-10	3.0803203835524354e-10	1.0006386831976239e-10	1.0000000004555393e-10	1.0012974850076636e-10	1.0000000003527131e-10	1.0000004810326376e-10	1.0000001954153542e-10
1.0000000074548719e-10	1.0000001151515532e-10	8.000394765773081e-10	1.0000006231005988e-10	1.0000000875898286e-10	1.0000000028200692e-10	1.0000000700331511e-10	1.0000149103035942e-10	3.079803637706234e-10	1.0006820398460266e-10	1.0000008892229572e-10	1.2919707732726637	1.0000003171202076e-10	1.0000003898211648e-10	1.0000001317178378e-10
1.0000000590441913e-10	1.0000000067135733e-10	7.998233539386283e-10	1.0000001881209673e-10	1.0000002215337879e-10	1.0000000027317736e-10	1.0000000056438406e-10	1.018154279217898	3.0798749784633707e-10	1.0007587285205741e-10	1.0000000228241816e-10	1.0012228188277183e-10	0.687497343603406	1.0000000413665906e-10	1.0000001210487815e-10
1.000000004769699e-10	1.0000000000223746e-10	7.996356140297691e-10	1.0000003722604674e-10	1.0000003017038235e-10	1.000000001432237e-10	1.000000355949754e-10	1.000076790853744e-10	3.08003377895934e-10	1.0005997896999318e-10	1.0000000534177087e-10	1.001805197707503e-10	1.000000016226149e-10	1.0000000696566771e-10	1.0000007426753275e-10
1.0000001865055196e-10	1.0000000076565204e-10	7.992342609345131e-10	1.0000000083226827e-10	1.000000054824292e-10	1.0000000073606539e-10	1.0000000098685323e-10	1.0001227434116078e-10	3.0804564735019597e-10	1.0007792657939309e-10	1.0000000010506472e-10	1.0022070373012144e-10	1.0000002471033812e-10	1.0000002171757975e-10	1.0000001290293924e-10
1.0000000525772858e-10	1.000000000717669e-10	7.996630511174331e-10	1.2406637774803408	1.0000002287099052e-10	1.000000271702228e-10	1.0000000027306721e-10	1.0000833336624772e-10	3.080094001120681e-10	1.3616643429310247	1.0000002548590815e-10	1.3465493654759018	1.0000002838244848e-10	1.000000092938397e-10	1.2491947948396656
