10.175138585921022	1.0000000012009412e-10	1.0010763338442344e-10	9.529604561020511	10.304755987032832	1.000000000000124e-10	10.166028021789304	10.305107195925942	9.678677069928352	10.165701013698685	10.175127186768687	1.0004598881023202e-10	1.0000000000006071e-10	4.94429996472799	10.304678598868312
1.0000000009097359e-10	7.503681783138938	1.0013228322883109e-10	1.0000000004696044e-10	1.0000000199830408e-10	1.0000000000000529e-10	1.0000000222638084e-10	1.0000000006754451e-10	1.0000000006075172e-10	1.0000000020299563e-10	1.0000000000101639e-10	1.0194256309632642e-10	1.0014467747800572e-10	1.9697624387730691e-10	1.0000000005860553e-10
1.0000000054401671e-10	1.0000000063938859e-10	1.0009700222987298e-10	1.0000000002552941e-10	1.0000000141179793e-10	1.0000000000000352e-10	1.0000000629938712e-10	1.0000000012749406e-10	0.062239160384802567	1.0000000001395963e-10	1.0000000000001809e-10	1.0022925637374451e-10	1.0018534049046341e-10	1.906554647792504e-10	1.0000000055659651e-10
1.0000000002687447e-10	1.0000000428853154e-10	5.4850742104174275	1.0000000003923151e-10	1.0000000214973957e-10	5.110907377616953	1.0000006956822177e-10	1.0000000007534058e-10	1.000000000013436e-10	1.0000000089778812e-10	1.0000000000070127e-10	1.0176609669563258e-10	6.643337538926693	2.0660152788753523	1.0000000023275671e-10
1.0000022605017343e-10	1.0000000386957279e-10	1.000816853256413e-10	1.0000000003011667e-10	1.0000000021359834e-10	1.0000000000001204e-10	1.0000000231098943e-10	1.0000000004974363e-10	1.000000000136502e-10	1.0000000022132585e-10	1.0000000000083911e-10	1.0004008651912358e-10	1.0006555883232387e-10	2.350733025976206e-10	1.000000006105537e-10
1.0000000254735432e-10	1.0000000837242129e-10	0.002296770429732315	1.0000000003999499e-10	0.011295527993029207	1.0000000000000068e-10	1.000001104626746e-10	0.01128649924648763	0.015197305052265658	1.0000000024224672e-10	1.0000000000029021e-10	1.0061826153482395e-10	1.0001198439069629e-10	1.5399619707288186e-10	0.011292823818827652
1.0000000135797361e-10	1.0000000630947932e-10	1.0021133411686659e-10	1.0000000004558519e-10	1.0000000000744396e-10	1.0000000000000281e-10	1.000000031293002e-10	1.0000000000840568e-10	1.0000000002580936e-10	1.0000000010755659e-10	1.0000000000018577e-10	1.0003764139041278e-10	0.0022240686259705944	1.9581345116743658e-10	1.0000000040522852e-10
1.0000000024159586e-10	1.0000000414583536e-10	1.0022264064079234e-10	1.0000000002544557e-10	1.0000000056495711e-10	1.0000000000000458e-10	1.0000000213689474e-10	1.0000000249703902e-10	1.0000000002021313e-10	1.0000000032667519e-10	1.0000000000029732e-10	0.11040201697009865	1.0006473877324993e-10	1.8716354404290835e-10	1.000000003316575e-10
1.0000000020205877e-10	1.000000000052299e-10	1.0013318276877756e-10	1.000000000164302e-10	1.0000000338973224e-10	0.0006954216186741208	1.0000000227689936e-10	1.0000000013387226e-10	1.0000000002298779e-10	1.0000000064125946e-10	1.0000000000005858e-10	1.0043334464697695e-10	1.004616433691667e-10	1.955129824360182e-10	1.0000000000000068e-10
1.0000000041555342e-10	1.0000001729539644e-10	1.0001601465106395e-10	1.0000000001907342e-10	1.0000000041408579e-10	1.0000000000000139e-10	1.0000000169959972e-10	1.0000000005003425e-10	1.0000000001104108e-10	1.0000000005672258e-10	1.0000000002084409e-10	1.0005257804892875e-10	1.0004881685161797e-10	2.1448892387954154e-10	1.0000000342129668e-10
1.0000000361227672e-10	1.0000000160622623e-10	1.0030350041181061e-10	1.0000000001089115e-10	1.000000020409466e-10	1.0000000000000031e-10	0.9772013865195138	1.0000000099797891e-10	1.0000000001690875e-10	0.9772028648692183	1.0000000009936652e-10	0.9364946131851848	0.6027209209033099	1.405509783208924e-10	1.0000000119614928e-10
1.000000002298108e-10	1.6650316554099285	0.8687817203641499	1.000000000431736e-10	1.0000000002260162e-10	0.7908590073347896	1.0000000001387081e-10	1.00000165699979e-10	1.0000000004709189e-10	1.0000000026033074e-10	1.0000000780159999e-10	1.0011399929366353e-10	0.8153806928636202	0.44585615593185496	1.0000000000000031e-10
0.9759920432528952	1.000000002319634e-10	1.0026010767819555e-10	1.0095795086911814	0.9780365876356122	0.6597489581409566	1.0000000229721059e-10	0.9780292256981626	1.0070402461885455	1.0000000013899526e-10	0.9759867418013162	1.0006756419733691e-10	1.0010391022293221e-10	0.7181267913721073	0.9780341956552292
1.0000000209671425e-10	0.25320738770273327	0.5732833046750933	1.0000000001545569e-10	1.0000000204137541e-10	1.0000000000002696e-10	0.9762432698777802	1.0000000070393359e-10	1.0000000003178574e-10	0.9762413040569591	1.0000000000055703e-10	1.873482083529417	0.5182297184809646	0.12661507086739027	1.000000001696122e-10
1.0000000126477776e-10	0.8709462368544822	0.0569693024437892	1.0000000002533188e-10	1.0000000160198998e-10	1.0000000000000387e-10	1.000000004838785e-10	1.0000000005812804e-10	1.0000000000021525e-10	1.0000000007969478e-10	1.0000000000017653e-10	1.0012502250436718e-10	1.0001027635736772e-10	2.475318650700992e-10	1.0000000056592878e-10
1.0000000043814939e-10	1.0000001258721097e-10	1.0021892135888565e-10	1.0000000002982606e-10	1.0000000059077326e-10	1.0000000000001666e-10	1.0000000115167712e-10	1.0000000008059185e-10	1.0000000058238033e-10	1.0000000003990475e-10	1.0000000000152407e-10	1.0031568086852841e-10	1.0024222804385775e-10	1.919351618919528e-10	1.0000000135047881e-10
1.000000093407547e-10	1.6924312780028965	1.748201870209187	1.0000000006228329e-10	1.0000000130999777e-10	1.8670982582433553	1.000000044623708e-10	1.0000000004104411e-10	1.0000000000354805e-10	1.0000000009163475e-10	1.0000000000224847e-10	17.53833903745028	1.6650477860618325	0.4968610727942151	1.0000000074372682e-10
1.0000000037217834e-10	1.0000002802705834e-10	1.0045328205428067e-10	0.3284278461557016	1.0000000254022083e-10	1.0000000000000494e-10	1.0000000000142282e-10	1.0000000004624599e-10	0.327242562465937	1.0000000018465687e-10	1.0000000000000031e-10	1.0017609109761474e-10	1.0000216673979588e-10	8.943550674357509e-10	1.0000000075624872e-10
1.0000000071327829e-10	1.0000001159660449e-10	98.22193548278128	1.000000000220275e-10	1.0000000099423613e-10	1.0000000000000031e-10	1.0000000397029861e-10	1.0000000006061458e-10	1.0000000000022378e-10	1.0000000007269452e-10	1.0000000000024688e-10	1.0009650351170724e-10	41.49284488347402	5.106594304520425	1.0000000084115822e-10
1.0000000008908425e-10	1.0000000516753476e-10	1.0017117492579227e-10	1.0000000016425861e-10	1.0000000365732229e-10	1.0000000000000068e-10	1.0000001017339043e-10	1.0000000004744113e-10	1.0000000005230372e-10	1.0000000058755236e-10	1.0000000000606231e-10	1.0004771778755591e-10	1.0000242637090423e-10	0.1813083673295686	1.0000000000000031e-10
1.0000000003578574e-10	1.0000000004675296e-10	1.0011258852488961e-10	1.0000000002927325e-10	1.000000002075868e-10	1.0000000000000031e-10	1.0000000931625944e-10	1.0000000005413976e-10	1.0000000003046306e-10	1.0000000011260286e-10	1.000000000011379e-10	1.0191999763398599e-10	1.0012894647698471e-10	2.886203717956706e-10	1.0000000000000068e-10
1.0000000009176798e-10	1.0000000016725426e-10	1.0023911016564909e-10	1.00000000025431e-10	1.0000000447948137e-10	1.000000000000021e-10	1.0000003049719588e-10	1.0000000003702101e-10	1.0000000001095831e-10	1.000000001261689e-10	1.000000000866002e-10	1.0000628785218296e-10	0.008657206012539463	0.017729408698401252	1.0000000134236583e-10
1.0000000007889188e-10	1.000000020061936e-10	1.0007740674922968e-10	1.0000000002284426e-10	1.00000002011053e-10	1.0000000000000245e-10	1.0000001127980791e-10	1.0000000007482189e-10	1.0000000000721837e-10	1.0000000023565182e-10	1.0000000000069807e-10	1.0288354485294039e-10	1.0001317897551793e-10	1.9126396750259441e-10	1.0000000517913509e-10
1.0000000079525574e-10	1.000000000008082e-10	10.919197071025694	1.0000000002361094e-10	1.0000000018448173e-10	1.000000000000124e-10	1.0000000083424358e-10	1.0000000006428667e-10	1.0000000001395218e-10	1.0000000002342372e-10	1.0000000000011578e-10	1.0025975079662456e-10	4.435042305464206	0.5641190867147167	1.0000000090401958e-10
1.0000000165393563e-10	1.0000000356287446e-10	1.0048228248872109e-10	1.0000000004914039e-10	1.0000000207517521e-10	1.0000000000000635e-10	1.0000006318845113e-10	1.0000000177626693e-10	1.0000000007153314e-10	1.0000000016818791e-10	1.0000000000149565e-10	1.0038128502384296e-10	1.0004153058841475e-10	1.8855897557066953e-10	1.0000000033499493e-10
1.0000000003652434e-10	1.0000000772204229e-10	1.0009286998272686e-10	1.0000000001740683e-10	1.0000000106505379e-10	1.0000000000000813e-10	1.000000008773355e-10	1.0000000004367632e-10	1.0000000017509439e-10	1.0000000016708693e-10	1.0000000000080607e-10	1.0016887163405392e-10	1.0016032805250116e-10	1.9284525223105348e-10	1.0000000020813889e-10
1.0000000026852863e-10	1.000000000685343e-10	1.0012594953703666e-10	1.0000000001534946e-10	1.000000134134465e-10	1.0000000000004082e-10	1.00000006700631e-10	1.0000000000956529e-10	1.000000001318671e-10	1.0000000007039415e-10	1.0000000000011471e-10	1.0005634266308456e-10	1.0002698043235467e-10	1.9340071506394988e-10	1.0000000102127263e-10
1.0000000037732906e-10	1.0000004334695956e-10	1.0023203109452162e-10	1.0000000005111889e-10	1.0000000000682366e-10	1.0000000000001204e-10	1.0000000383826557e-10	1.000000004657188e-10	1.0000000005925709e-10	1.0000000015667676e-10	1.0000000000085047e-10	1.0028112793830253e-10	1.0002743372300648e-10	1.9423446529397813e-10	1.0000000102977179e-10
1.000000015915116e-10	1.0000000109564869e-10	1.0040688279136389e-10	1.0000000001543189e-10	1.0000000014781985e-10	1.00000000000006e-10	1.0000002073373115e-10	1.0000000004812431e-10	1.0000000001222734e-10	1.0000000006529671e-10	1.0000000033911075e-10	1.0168141078498535e-10	1.0003125443929673e-10	1.9427484096331693e-10	1.0000000029490717e-10
1.0000000021406162e-10	1.0000000000207049e-10	1.0018179553476202e-10	1.0000000017184649e-10	1.0000000136119521e-10	1.0000000000000281e-10	1.0000000041491464e-10	1.0000000007796426e-10	1.000000000239012e-10	1.0000000021399412e-10	1.0000000000002376e-10	1.0011144013441765e-10	1.0000017712886534e-10	1.9136716906105407e-10	1.0000000016459684e-10
