7.243999367712875e-9	0.9972030188688403	0.9961540117447916	1.0000000087214144e-10	1.696337434080953e-8	1.0000187326616044e-10	1.0000123320094078e-10	1.0000002348931846e-10	1.0109387982136988e-10	0.9970726759526586	2.5567977406540544e-6	1.0000231625193007e-10	1.0041118636839311e-10	6.216540084328476e-8	0.00010127596956884883
0.22500551678729488	8.899635414854339e-8	1.021542169638643e-10	1.0000000000013533e-10	1.6960707332723817e-8	1.0000568608394139e-10	1.0000002526266054e-10	1.000000637884203e-10	1.0194962606179733e-10	1.0080231372574954e-10	2.5677909587911277e-6	1.604591068247926	0.6731853436915483	6.213028710840514e-8	0.0001083102879535914
7.244782700098815e-9	8.904269649248401e-8	1.0215524569366013e-10	1.0000407007206997e-10	1.0310391885812844	0.9364304457602769	1.0000144703218639e-10	1.0000090222237074e-10	1.0121746570949233e-10	1.0082367605281111e-10	2.5499938271942788e-6	1.0001269211100407e-10	1.4004001722286672e-10	5.541602035337267e-8	0.00010868251002279146
7.3332882281556434e-9	7.39844585165592e-7	1.0215796299350615e-10	0.5004907267988808	1.6958700340387383e-8	1.0000597299990417e-10	0.5577603496667166	0.20988393048444554	1.0016850007647174e-10	1.007091040320234e-10	0.8338524095314566	1.000013340413262e-10	1.0116435450239465e-10	5.841707709230604e-8	0.00012010856789070681
0.7648368750560415	8.949630727532766e-8	1.021654291964374e-10	1.0000005851707282e-10	1.6961369913933738e-8	1.0001256852724966e-10	1.0000004187609959e-10	1.0000000033281214e-10	1.0156524680596748e-10	1.0088816361146399e-10	2.582370785499118e-6	1.0000003158284974e-10	1.0183304879878586e-10	6.220542235908562e-8	0.00011655505521229194
5.391219261506559e-9	5.1421559016004334e-8	1.0215808248235381e-10	1.0004030624552158e-10	1.696157449242124e-8	1.000016613424861e-10	1.0000031437414194e-10	1.0000001412402984e-10	0.00048429912188413743	1.008716793914857e-10	2.5592480531677868e-6	1.0000048133101255e-10	1.0270243695492045e-10	6.343051854329242e-8	6.493580255796814e-5
7.046060063530779e-9	8.755228018485317e-8	1.0216223332330135e-10	1.000051894993961e-10	1.6973478941354952e-8	1.0000137955673355e-10	1.0000084291973594e-10	1.0000000441954958e-10	1.0136633022272476e-10	0.0005785658601591982	0.002647957421059053	1.0000530324354902e-10	1.0137337964704764e-10	6.22784359713568e-8	0.00010060602288503254
2.052856073453136e-8	8.897036259478729e-8	1.0216053872770268e-10	0.005881282511832422	1.6961825497222515e-8	1.0000303061738073e-10	1.0000143243324866e-10	1.0000000085658304e-10	1.0112570432443215e-10	1.0073080440534195e-10	2.432162354420715e-6	1.0000015042895263e-10	1.0011751072103388e-10	6.201243346594191e-8	6.824330461982988e-5
2.218856645413093e-7	1.2549644366948414e-7	1.0215706079555563e-10	2.1595129993132472e-5	1.7380532673781925e-8	0.0111986297915112	0.009953402740338815	0.010560568263346453	0.004874741295617324	1.0077491219420565e-10	0.01783694771365369	0.00644527186293772	1.2374615785102444e-10	4.540683392401657e-8	0.00011066295274912965
7.126965570303579e-9	0.0002962245616473204	1.0214972692806109e-10	1.0000000000000245e-10	1.697066146164529e-8	1.0000268479283933e-10	1.0000124774222903e-10	1.0000042798519316e-10	1.013224506545948e-10	1.0039066121490149e-10	2.846999621152087e-6	1.0000129224170716e-10	1.5070318337539947e-10	6.246212421971652e-8	7.088067257034488e-5
7.394389323154788e-10	1.0128545708680257	1.0216250543773469e-10	1.0000000298747125e-10	1.0155474792345973	1.0003045383240823e-10	1.0000043440682225e-10	1.0000002472144463e-10	0.9483291971404748	1.012285202041299	0.8823236660427017	1.0000050374299832e-10	1.7069573246047177e-9	3.869242607594486e-7	8.587700236754266e-5
1.0107773853973245	7.994220689630207e-8	1.0213363794772018e-10	0.965081951751723	1.6964473096171794e-8	1.0000162441868256e-10	0.1192773624937481	1.463757255797715e-10	1.0217130989459327e-10	1.0079512577007236e-10	0.3248291799381704	0.20020612275169797	1.0309370870039063	7.020716832717859e-8	7.884980055810389e-5
0.003816259833599366	8.903933778477168e-8	1.01583393365169	1.0000000282440951e-10	1.696369232239463e-8	1.0266373001430678	0.925681743889021	1.019221311364855	1.0113149757934055e-10	1.0080183955741312e-10	2.3906526370134368e-6	1.056823862913285	1.2523379282361072e-10	1.0073512897224077	1.0082232651241527
1.2186377418672828e-6	1.0128218945224943	1.0216105959656109e-10	1.000001407890973e-10	1.005949513405942	1.0000679862189471e-10	1.0000901824730163e-10	0.008673312076704312	1.0714197302322455	1.0123228461946165	0.7566869912975286	1.0000052318436949e-10	0.04020752794737411	6.336898344299159e-9	0.00011598078161320328
1.0776696972341093	8.906374870208193e-8	1.021598095748073e-10	0.9086371540363629	1.696714631826986e-8	1.0000230398230837e-10	1.0000135754190056e-10	1.0000012325320984e-10	1.0092840578256211e-10	1.0076506349211046e-10	3.5985609644541075e-6	1.0000199785769176e-10	1.1032934617704642	2.946667819213584e-7	0.00012791671925519035
7.0192246232698135e-9	8.893784344147811e-8	1.0215915937654054e-10	1.0000025046636189e-10	1.695894729561525e-8	1.000095969907799e-10	1.0000118543540068e-10	1.000002163320824e-10	1.0111277427980094e-10	1.0084599452129815e-10	2.6163807719431666	1.000111250687999e-10	1.0642792689864237e-10	2.5018540200214204e-6	9.798685906672954e-5
1.0324923775313204	8.899867272296556e-8	3.038741637918812	3.2556149569521238	0.4752390716059221	1.0000047192950111e-10	1.000013731354822e-10	0.7422130267659398	0.6155025156744007	1.0072816120131453e-10	9.100026912786885e-7	1.0000163632586159e-10	3.2190266880783973	0.4627195816229496	0.47309035196844434
2.5168079104648093	3.0281143466594336	1.0216547259265533e-10	1.0000024295160464e-10	3.0421910947222015	2.9996874058470215	2.883377576686052	2.679763988508011	2.6925969709096003	3.0230118433899924	0.4386134823466763	2.4172353061957788	1.0880050458882721e-10	2.530821469546767	2.528599791334642
1.5916194769542347e-7	8.907428027655093e-8	1.0219009161971122e-10	1.0000205601816453e-10	1.69588086955943e-8	0.4513009527666876	1.000013372755386e-10	1.0000003595985628e-10	1.0128810051370338e-10	1.0081463961475409e-10	2.1917909726687355	1.0006843029351457e-10	1.0199646218052884e-10	0.47001241157029966	0.4757182672621987
5.864450943740827e-10	8.906580460700643e-8	3.044694944296797	2.7793823361253946	1.696061788380356e-8	1.0000056379857494e-10	1.000013215393281e-10	1.0000000462626637e-10	1.0154567421350055e-10	1.0077757537274501e-10	2.582760024861052e-6	1.0000040627735982e-10	2.572778229966681	1.216881683130837e-8	9.79466660214263e-5
5.18656685061858e-9	5.3958246208515125e-8	1.0215394596569656e-10	1.0000000009072419e-10	1.69614370703063e-8	1.0000871878471493e-10	1.000018974224754e-10	1.0000008407465848e-10	1.0114003791064214e-10	1.0100849819913896e-10	2.4913505165729454e-6	1.0000095080849292e-10	1.1225844371008049e-10	1.1430760761589964e-7	8.500733430767353e-5
1.561688702737996e-8	8.505541835164778e-8	1.02153809983043e-10	1.0000001328420658e-10	1.666377345754501e-8	0.13397270736279657	0.06286950883702645	1.0000000485703218e-10	1.0131428596322927e-10	1.0086960697052119e-10	2.720046704872911e-6	1.0000124725536832e-10	1.0334903754271028e-10	6.21834034317141e-8	9.833540610396213e-5
6.817668545773194e-9	8.838962017010546e-8	1.0215240003274381e-10	1.000002963836924e-10	1.695855704173375e-8	1.0000057915089486e-10	1.0001243525244118e-10	1.0000011785822926e-10	1.0114087619784242e-10	1.0062610521856432e-10	3.6979015886437264e-6	0.10793031136774017	1.0915478123147346e-10	6.614141293457858e-8	9.206657320167113e-5
7.476881692499767e-9	8.828832719874171e-8	1.0216086880714331e-10	1.0000001703521022e-10	1.6963775506650835e-8	1.0000035891328766e-10	1.0000103256399343e-10	1.0000000036454355e-10	1.0153344104680978e-10	1.0086412314079348e-10	4.437793948291898e-6	1.0000299464792966e-10	1.0153351409292574e-10	6.305248870893587e-8	9.067216772716476e-5
6.395519075127925e-9	8.890212563561053e-8	1.0220633300977736e-10	1.0000002891059398e-10	1.6963244562140773e-8	1.0001644544921518e-10	1.0000065556084585e-10	1.0000024774873592e-10	1.0145168198106642e-10	1.0094237728145434e-10	2.637777929473053e-6	1.00005964397926e-10	1.0618371196865511e-10	6.55455029647897e-8	8.541296675283919e-5
6.163837166344045e-9	8.899706452406701e-8	1.021540191841979e-10	1.0000011860846167e-10	1.696039468166334e-8	1.0001196289519839e-10	1.0000083280698317e-10	1.0000000318129346e-10	1.0153710784177073e-10	1.0078643721330201e-10	2.0702276758642894e-6	0.6604827202975487	1.0654571583851491e-10	6.239920707678551e-8	8.799374226017147e-5
1.117610560066906	8.903178472887791e-8	1.0216654096831476e-10	1.0000000040393996e-10	1.6960252862786465e-8	1.0000241108099057e-10	0.45521684935875395	1.000009570640877e-10	1.0126890661129188e-10	1.0075961718846037e-10	2.5697469860700845e-6	1.0000104353939099e-10	0.5175019431425143	6.231243944876103e-8	8.826279946687443e-5
7.211004886939639e-9	8.897897354301807e-8	1.0216477556356285e-10	1.000000450012029e-10	1.1782393286504416	1.3359493347011573	1.0000196401952653e-10	1.0000018838761391e-10	1.0117877745843243e-10	1.0070935130102784e-10	2.51642548795994e-6	1.000025331120333e-10	1.0055509718854191e-10	6.2340639003564e-8	9.317718704452228e-5
7.227576196568584e-9	8.898406565961384e-8	1.021669538665802e-10	0.8768224217008098	1.695801680642999e-8	1.0000035199357904e-10	1.0000089541096195e-10	1.000000385335894e-10	1.0128038932675663e-10	1.0086661518310846e-10	2.554578439701584e-6	1.0001348728356788e-10	1.0002655297914981e-10	6.242741285069724e-8	9.331148588875537e-5
7.234446886255005e-9	8.908243818437997e-8	1.0215412753846613e-10	1.0000006696834305e-10	1.6964081827714678e-8	1.00004184594167e-10	1.0000106406951613e-10	0.8712395837718209	1.0111497793619946	1.008055133882077e-10	2.5495389550773933e-6	1.000029882189133e-10	0.33284784380483545	1.2036092214829475	1.1961317477479956
