0.8750467321175783	0.8746980930242085	0.8746248758824369	0.8748540060558221	0.8749156188879168	0.8752068783297988	0.8753807726530978	0.8779776428816171	0.87487750229234	0.8746569136419973	0.8752654288215268	0.8748247052019685	0.8754891885554134	0.8747242239664715	0.8749306537319476
3.0570428005448813e-9	9.946645245586592e-10	3.9744171177293545e-9	1.411370212817894e-9	1.2841081528051749e-9	1.028636487573539e-9	3.944001533273174e-9	2.9087623536047493e-10	1.7915694344965189e-9	1.863992181850801e-9	8.03744596117021e-9	4.538785478637484e-9	1.6150136201057745e-9	9.058108510425398e-8	1.5831070417921778e-9
8.004218855147943e-10	1.9903981611861996e-8	1.981408532199231e-9	1.2538591122302595e-9	1.0287487742137192e-10	4.879281093153798e-10	1.6730573015321984e-9	9.597907159712788e-10	1.0146356496717743e-9	8.384697148243133e-10	2.8400037501612316e-9	1.5423431182620498e-9	1.7224687704254867e-9	7.981081454202282e-9	4.438048170448518e-9
0.0019785776265245606	0.002355061667707444	0.0024364180011564964	0.002341979777560292	0.0023831836941805083	0.002098089007979478	0.0019228571566452671	0.00030172813794707056	0.002286860686050762	0.0024114731510626705	0.0019932825698042124	0.0023340669968278916	0.0018550362717912829	0.0023882253327727394	0.0021592825959508887
1.3173207115120432e-9	2.7713339517529415e-9	1.3767624409313096e-10	7.191549785079132e-10	4.080747933708209e-10	1.382301499176808e-9	1.747212117774449e-9	1.0603629782149e-9	1.4016732046106135e-9	2.3139360121579107e-10	6.356819222755179e-10	1.4692035729477244e-8	1.7280845817386954e-9	1.9732114570501917e-8	5.588885327531285e-10
3.5313673848291683e-10	1.1538320524340793e-10	4.3706924640385027e-10	2.6914408096516575e-10	2.176620140444254e-10	3.283366550638174e-10	2.3281240457318544e-10	2.0510199812809003e-10	1.4152186932277847e-10	3.7306415330213037e-10	2.9903561836731216e-10	3.0787187442850683e-10	3.302823411394247e-10	2.164191283909461e-9	3.095679458126218e-10
0.0021990993072228946	0.002202492182545377	0.0022032675649479396	0.002202279554802951	0.002199631906184655	0.0021968953776989745	0.0021951288961101234	0.0021666278614836526	0.0022005832048451112	0.0022030984125594975	0.002196496104847395	0.0022010656845504687	0.0021930825075796375	0.002201985486234086	0.0021998757437913037
1.6006594350964868e-10	5.81656669650518e-10	2.0189054365427163e-10	1.200221850550827e-10	1.4182184553578828e-10	1.4362835581556336e-10	1.2999142668303616e-10	1.3051915369158397e-10	1.2748715862465812e-10	1.0616434394372216e-10	1.1177340080551179e-10	1.0629187923974253e-10	2.1022733113859837e-10	3.0622208835630476e-10	1.191348009491745e-10
2.0558042481507282e-10	3.3782321256487435e-10	1.7309681176559733e-10	1.4648430648783192e-10	1.6767046372071538e-10	1.841219496844087e-10	4.824863775244074e-10	1.3078596674257387e-10	2.3610007937053917e-10	1.247036621802436e-10	1.9420365096519212e-10	1.2569280763301375e-10	1.393090203717524e-10	7.181967891250187e-10	1.7994087209858704e-10
1.818726823837103e-10	1.78068741037879e-9	1.1168630464657757e-10	1.5621977002708408e-10	1.3346192731088837e-10	1.7987455763788458e-10	1.493203031278055e-10	1.205883650239994e-10	1.2489818141338347e-10	1.4428359545251567e-10	1.196356572226094e-10	1.1121719199393431e-10	1.6342294176083925e-10	1.5595553357846268e-10	1.0734694771939965e-10
9.301831708408944e-10	3.7304592138644554e-9	1.1061073187957235e-9	5.867274731976274e-10	3.1244956780006057e-10	2.5075340104377512e-9	6.300673868712449e-10	4.2217987225417685e-10	4.5273075065568035e-10	1.2749142037318782e-10	4.84293615942878e-10	5.107535590973142e-10	2.4356951272411116e-10	6.228215627483172e-8	1.6559343946314988e-9
0.032741195911529374	0.03288831504235813	0.03292090466993528	0.03284081161000534	0.03288925444047319	0.03275107134469976	0.03267233681654274	0.03191270954741984	0.032840652385726636	0.03290521787096086	0.032711572531794464	0.03285170633726722	0.03264640283786897	0.03289444018370109	0.032795280182109775
0.9431796459158935	0.9431996589485167	0.9431978417873355	0.9432564937289976	0.9432032878648628	0.9432217600742819	0.943228293443928	0.9432851378043291	0.9432168389398212	0.9432130041420007	0.9432227944926751	0.9432316040802223	0.9432370389537797	0.9432075353325178	0.9432133503206792
0.05479824966763082	0.054633196887504384	0.054601861634007015	0.05457070241588871	0.054584457817309015	0.05468231760641	0.05474593000569306	0.05520180890334712	0.0546325215810108	0.05460097723525611	0.05472917133103517	0.05462261030853654	0.054762185551259154	0.0546042761247221	0.05469624347241123
1.1433297341259422e-9	1.0524933373236876e-10	1.9927445047129993e-9	4.748567758843336e-10	2.7123194405983296e-10	8.584746850536405e-10	6.980151859472664e-10	5.829570606884477e-10	4.617481404063436e-10	2.4554464513835273e-9	6.93371728022856e-10	5.160516334050684e-10	3.8201571824844593e-10	5.011805741015902e-9	1.1467872212221186e-9
9.536020103687434e-10	3.934554029630449e-9	2.373661132590167e-9	1.7034401901028472e-9	1.461191800522529e-9	4.64152217922742e-9	4.4500486722045243e-10	1.6565938962307784e-9	1.9931326090533844e-9	4.6189384287655086e-10	9.669467931665334e-10	7.796423542900052e-10	4.0296542903870535e-10	4.223834002445306e-7	1.9250374194429955e-9
0.05325688061038522	0.05327839413993151	0.05326371585897235	0.05320224057605492	0.05281457069428071	0.05288402308825634	0.052886556302795394	0.05122385386517812	0.053121530597204335	0.053268206466943205	0.05294128030217462	0.05313496522324096	0.052785136307873085	0.053197813720627915	0.05321539796997342
0.9142378593486756	0.9142254972939424	0.914226140390568	0.9142651706507915	0.914389266115844	0.9143966021555917	0.9143963929487948	0.9151516954451774	0.9142929788046908	0.9142252976855259	0.9143721416987809	0.9143254422451984	0.9144461793686166	0.9142565970783223	0.9142562518334223
3.3673878294135144e-9	5.062813907543707e-9	1.6772107031883423e-9	1.840960030769254e-9	2.4365429543856975e-10	3.4152898314982594e-9	3.2750892696795585e-9	4.245117466702994e-9	8.02942520860761e-10	2.0775080587675673e-9	7.301375089982421e-9	2.4627890163078654e-9	5.736204760158364e-10	8.561861992214964e-8	6.067578770187386e-10
1.1529925340355883e-9	2.922852214051017e-10	1.4215218229039167e-9	1.5601820101262937e-9	4.822298976400398e-10	9.09099903266374e-10	1.4722496900442486e-9	7.500685090595386e-10	1.630704247295402e-10	1.3169461338920353e-9	1.2307672500280168e-9	2.4145946182214337e-10	1.0714556731271762e-9	6.8303695086505706e-9	1.2168618594854623e-9
1.3232795296457932e-9	5.341089984576542e-8	2.754882251151134e-9	1.847287641455688e-9	1.0753542393142746e-9	1.97212402232534e-9	3.4855948583563416e-10	9.353706676490246e-10	6.369006269090302e-10	2.2343534444222276e-10	1.2259414792605458e-9	1.4379456580530628e-9	4.0625577410100894e-10	2.2320391516871757e-9	3.6447034318412496e-10
0.0028083833722829534	0.0028350571510069623	0.0028473701069820735	0.0028357299954019435	0.0029341730752278365	0.0028924178006541237	0.002874830382318974	0.003063017670813212	0.0028606817273061093	0.0028405319265957783	0.002869023234159876	0.0028703473268945194	0.002884024545655671	0.002852456967675788	0.0028285751078623443
3.622897590181278e-9	3.9798119318868927e-10	6.89697394432798e-9	3.855594911520224e-9	1.550990074507446e-9	3.0709387106627747e-9	1.3601518277072445e-8	5.766429979453365e-9	4.55338770823138e-9	1.1407527580374148e-9	6.097961433216261e-9	9.206178226496e-8	7.095812059850879e-9	4.4160688353739854e-10	4.893458754701872e-9
8.151648397741939e-10	6.800037527033005e-9	6.003073049080328e-10	1.687519624880626e-10	2.333598583806845e-10	9.53865843064376e-10	8.019255936961657e-10	4.72367160878759e-10	2.1630342495208143e-10	2.60408477239451e-10	5.365213958876241e-10	4.195746135335925e-10	2.610672712366604e-10	7.337387870874674e-9	7.922338834658704e-10
7.319052824945347e-10	1.2364582406197476e-9	9.65384268929127e-10	3.236763994421377e-10	1.253552024079597e-10	9.166688858102136e-10	7.251644285494271e-10	4.1095310970078056e-10	1.1041950299559413e-10	4.103272828362179e-10	4.1853646708562435e-10	7.128296561992597e-10	2.874652805152622e-10	3.747013616627621e-9	2.76736317924162e-10
1.024684657619884e-9	2.0481277991054035e-9	9.988425354602556e-10	1.6507251353928025e-9	1.0940929676903489e-9	1.8476080803036463e-9	1.6565968388908137e-9	1.1404875225872073e-9	5.542214029542096e-10	7.059620079745626e-10	2.1790693882588988e-10	1.6045678854309025e-10	5.495060093290745e-10	3.089424312950323e-8	2.225164211395681e-9
1.949071283706749e-9	6.607100939328357e-10	2.036152307968672e-9	1.7980010040526338e-9	1.630869451503735e-10	1.956212743424092e-9	6.048120258536902e-9	8.27071231078744e-10	5.22241529513583e-10	5.308165110904127e-10	4.4983910964290606e-10	1.0078882228297043e-9	1.7337858991151264e-10	1.6974113302374637e-9	2.7101264791350057e-9
1.2532773094491701e-9	1.5698644096638852e-8	1.42239615841351e-9	6.855962141362495e-10	3.0551820419098775e-9	1.4029344960842494e-9	1.928233211656826e-9	6.876416259499141e-10	4.3492441397332494e-10	2.0196256258351746e-10	1.3668373262381233e-9	1.768333965039113e-10	6.250681917504525e-10	6.943736425840781e-9	4.495583094398802e-10
4.228815980556324e-10	2.1940253351220453e-8	3.127151683106362e-9	9.206792543557013e-10	4.60747564134109e-10	2.7166136238508725e-9	1.7832719344105412e-9	8.038652505897938e-10	1.0056650017600017e-9	1.9338592388502137e-10	1.2903053882133761e-9	9.083162285779021e-10	1.9395147856691495e-10	3.6459216828029834e-8	3.645468842245426e-10
2.3823511271897895e-9	9.404765674616599e-10	3.1798285600783654e-9	5.0736479617771584e-9	5.325956469297989e-10	2.4589213846460067e-9	3.198992376137007e-9	1.0616096481358322e-9	1.4713951166037448e-10	3.2265167741823795e-10	2.8682269488059677e-9	1.4197126794848693e-9	1.0841189524749623e-9	2.746960128055031e-8	2.5022024522928027e-9
