2.9665232026281037	1.574254447591209	1.0006421650137043e-10	2.9554552479606637	0.00044317695828529084	1.632310616803186	2.9668814400830685	2.701746759455453	2.376747695369496	2.8605661267251605	3.688023849440327e-5	1.33689805650068e-10	1.1316033077031662	1.0074673544431572e-10	2.9601223070156943
1.0000000158017099e-10	4.010983083135053e-5	1.0007977585347631e-10	1.0000179408013454e-10	1.3451459877980705e-6	1.7142064835873794	1.0000000003030568e-10	1.0000086598032071e-10	4.579028846446908e-7	0.11491715606059921	4.192724980755908e-5	2.7133137616248892	1.0000000006364469e-10	0.8275453850827821	1.0000000000471761e-10
1.0000000071798422e-10	5.420365664893483e-5	1.0041211313979614e-10	1.0003060432343162e-10	4.3324417939501096e-5	0.37824085416437825	1.0000000000000139e-10	1.00000840091055e-10	7.13737750071949e-7	2.0086017667891665e-10	5.214403610028984e-7	1.0040390425027431e-10	1.0000021080850393e-10	1.0085454115517083e-10	1.0000000000030478e-10
1.0000000001541482e-10	5.1074310712957424e-5	1.0027818367270582e-10	1.0002952563242485e-10	0.010820699220377001	0.016402349603927998	1.0000000000340879e-10	1.0000010294517986e-10	0.7563032709955886	0.012221549450969692	1.2127837378378863	1.001253474973106e-10	1.0000000063262849e-10	1.0003421979639781e-10	1.0000000002045329e-10
1.000000009139146e-10	2.6865584772110542e-6	1.0034416311578421e-10	1.000306053453143e-10	2.822771424234173e-6	0.028270270352432684	1.0000000000510805e-10	1.0000651804671114e-10	7.005514741435405e-6	0.0009096304179006834	3.6316421875903944e-5	1.0010176172849524e-10	1.495919450702314	1.0000746854214887e-10	1.0000000000190386e-10
1.0000000000077161e-10	4.0943998133781115e-6	1.0090547821896845e-10	1.0064185698220682e-10	0.00038131353588148766	1.4753965772024386e-8	1.0000000000709829e-10	1.0005476348743054e-10	1.6574038181991039e-9	1.951523286856354e-10	5.666978374132204e-6	1.0283337597093669e-10	1.0000082736835191e-10	1.0187644744639423e-10	1.0000000000469736e-10
1.0000000149929595e-10	2.5344916507453513e-6	1.001468222212113e-10	1.003245782116066e-10	2.6992290818631775e-7	4.2244696126544945e-7	1.0000000000102102e-10	1.0000001943343129e-10	7.16717357045138e-7	1.9223128809422157e-10	1.1350778910994214e-6	1.0006098147835272e-10	1.0000000170041081e-10	1.0000231271634639e-10	1.0000000000153544e-10
1.000000001258623e-10	0.002150523183119111	1.0017809013602191e-10	1.0004445219902671e-10	0.00048576495089976937	0.003078935701477048	1.0000000000602821e-10	1.0000006212994215e-10	0.002324408909982722	1.8245996625586842e-10	0.005615674079288003	1.0001538031638653e-10	1.0000003458968249e-10	1.0009523970006593e-10	1.0000000005565003e-10
1.0000000017972748e-10	2.547476916596003e-7	1.0014856718749789e-10	1.000056332109961e-10	0.00040051434157967197	7.064962690475991e-7	1.0000000162174201e-10	0.0018163236016221374	2.0112581381170927e-7	0.0012174522600742013	1.7506750172235105e-6	0.0037317778445989276	1.0000001617157842e-10	1.0000702825435371e-10	1.0000000010116917e-10
1.0000000000038827e-10	8.080722881592284e-10	1.0020641573837978e-10	1.006324963300181e-10	3.3630162849296685e-5	6.328554409321254e-6	1.0000000002469558e-10	1.0000040733517822e-10	1.4333105208006324e-9	1.9756925455328032e-10	1.0080002000416169e-10	1.0002917163035418e-10	1.0000000012041031e-10	1.0009144862934509e-10	1.0000000000038436e-10
4.155362809220486e-5	0.8378476331155891	1.0001365097193249e-10	1.016084990660395	0.272360356033315	1.1235362780171245	1.0000000000785501e-10	0.12686279734939723	0.7625708784325109	1.5293423125563187e-10	3.603927437284349e-5	1.0008680913754909e-10	1.0000002917858696e-10	0.48295941296789924	1.0000000001257727e-10
1.0000000025620355e-10	0.1414415349171909	0.8389847056488331	1.006489776235335e-10	0.18001688503358573	0.04497366733387883	1.0000000001131215e-10	0.1296553475924701	0.21949778058242067	8.696364210173144e-10	0.6695508444871697	0.9449468088974629	1.0000336170365482e-10	1.0006407996833642e-10	1.000000000054992e-10
1.0133525552084146	3.020046587082474e-6	0.026716740148440138	1.000103108364813e-10	0.5586967310041703	0.0002316009660985334	1.0130937169423846	0.8276863739260377	0.07443440063026298	1.0287147982711666	0.6048418554383385	1.000100875047553e-10	1.2270731429886363	0.6153411798689793	1.0162725258152767
1.1345559816369724e-6	0.9285726483080267	0.3896537001162034	1.017112255936608	0.21794423602153107	1.0377548527136253	1.0000000002060002e-10	1.0000006827047389e-10	0.6584684456823032	1.8218746244891662e-10	4.88391114099578e-8	1.7177203050830345e-8	1.0000000161262822e-10	1.0040163490224001e-10	1.0000000000530452e-10
0.0001380566187955303	0.012735331495367415	0.6842467664546472	1.0012041426289262e-10	0.2619041781211787	2.905874024987927e-6	1.0000000001190546e-10	1.0000011379551421e-10	0.2722390952926177	1.894275163783875e-10	0.04385428812269939	0.9466043629440644	0.2878274503989146	0.4350427288022728	1.0000000000081388e-10
6.500920873440236e-7	3.963685826131534e-5	1.0021631143828351e-10	1.0171600332682844e-10	1.3550432787349218e-6	0.13468800255560695	1.0000000000856733e-10	1.0000150448407265e-10	5.077632468394933e-7	9.283314092335827e-5	4.288758436590886e-5	1.391147717677163	1.0000000011313898e-10	1.0002719719860714e-10	3.044546813759747
1.301009836346484e-7	4.565130274033279e-5	3.6329165495261426	1.0006308379837193e-10	1.8443083243030425	2.8567666033073533	1.0000000160496076e-10	1.0000200938568103e-10	1.2975898058780053	2.1710834835077293e-10	4.3298835491294426e-5	1.0093206278797826e-10	2.2806144192788596	3.147520407491514	1.0000000000174435e-10
3.027365576435966	3.987443255385537e-5	1.0047475787738177e-10	3.0455399790556554	1.3509009485826429	2.6640342495811333e-8	3.025583226307391	1.0000039083967733e-10	2.2177052610292276	3.0427297611301807	4.294667202757124e-5	1.0289468670695845e-10	1.0000000009478317e-10	1.0029229291010893e-10	1.000000000030219e-10
2.709981848885989e-8	7.458786222646234	3.102117145102443	1.0004355068129654e-10	1.678568010275153	2.587166025183057e-7	1.000000000199481e-10	6.81846737046087	0.018330189338951614	5.065473970448452e-6	5.521710591664322	2.8665997685569646	2.552820239909729	2.9631555318630314	3.049832104215726
1.0000000134007291e-10	4.037515348150342e-5	1.0013804130182094e-10	1.0052338555942567e-10	8.44622152404672e-6	2.3722795232078986	1.0000000000822734e-10	1.0002572537046818e-10	0.6344317728722988	1.8428455199655536e-10	3.217883050388372e-5	1.0085364981205282e-10	1.0000000008716686e-10	1.0000277249215008e-10	1.0000000056498873e-10
1.0000000087861057e-10	0.01767113361174698	0.028977600801992753	1.0125896672736251e-10	1.1515248701108537e-6	3.659783266640473e-7	1.0000000000013496e-10	1.0004031338708349e-10	2.985254158515898e-8	1.9030298014831412e-10	0.309632156016475	1.0000153671492975e-10	1.0000000348875846e-10	1.0000035423709048e-10	1.0000000000379852e-10
1.0001346409955435e-10	0.0001831096716337967	1.0022332895922676e-10	1.0448321449563948e-10	0.003644254450670636	8.310649425894021e-5	1.0000000001555906e-10	1.0000942993907805e-10	0.0008781680633722009	0.017042888392056813	0.040998686743954633	0.21870607280345475	1.0000303358620357e-10	1.0024954336712383e-10	1.000000000149171e-10
1.0000000003183903e-10	0.35926289365900527	1.0034165410473399e-10	1.0000206711149796e-10	1.5054449031075174e-6	0.0300980496710388	1.0000000005156121e-10	0.3176863954864719	0.0012713340991346795	1.7915071149355629e-10	9.413778920804922e-5	1.0000014205418349e-10	0.4129276710070572	1.00002686706852e-10	1.0000000000543419e-10
1.0000272771642245e-10	0.7507641755430595	1.0019427870985362e-10	1.0000827392925129e-10	1.4199524450624985e-6	2.564279151644619e-9	1.0000000000546723e-10	0.5827167061245083	0.0057307696230304885	1.8749676130853163e-10	3.776446907041802e-5	1.1132844874761049e-10	1.0000000008588539e-10	1.0003173466940113e-10	1.0000000001533383e-10
1.0000001209609477e-10	0.00013653549725457244	0.30652124903114525	1.0002121858755506e-10	4.836185678775548e-6	5.922553037759469e-6	1.00000000000373e-10	0.07808674877188963	0.004227988756032221	1.9301099792929227e-10	0.13776275383913408	1.0018491053855605e-10	1.0000179138309085e-10	1.0000409457560074e-10	1.0000000002190315e-10
1.0000000015318942e-10	3.180423347384991e-5	1.0036357309770549e-10	1.0001829942055461e-10	2.4688976169537134e-6	0.76587367345239	1.00000000053091e-10	1.0000004129643574e-10	0.6202105690652884	1.879353920568761e-10	3.48415773817877e-5	1.0007130015804392e-10	1.0000000672312038e-10	0.33031942569559675	1.0000000000422236e-10
8.911462518966351e-5	0.7199352923341934	1.0118101965559717e-10	1.0003592452812465e-10	3.655677082159821e-6	9.00354866934112e-6	1.0000000000018861e-10	1.0000098966485749e-10	6.404732604117844e-7	1.978455204425469e-10	3.5513337536952195e-5	1.0440192721210695e-10	1.0000000081169521e-10	0.039132226143580175	1.0000000000783832e-10
1.000000009194721e-10	2.3257154775463673e-5	1.0004796030352183e-10	1.0017656980393919e-10	2.8387104751471813e-6	3.1606648398332383e-7	1.0000000000016161e-10	1.0000020555255578e-10	6.928674184545552e-7	1.8603584866300738e-10	4.9812852502714584e-5	1.353448779679035e-10	5.473900525296018	1.0010597346138812e-10	1.0000000005696488e-10
1.0000000061067272e-10	3.477744404070104e-5	1.1698870227034046	1.0004105093662647e-10	3.673625756488653e-6	4.439182065679051e-7	1.0000000001448366e-10	1.000201851817723e-10	8.751815567043014e-7	1.963759902294174e-10	4.673868575618077e-5	3.7876163441814947	1.0000053089099641e-10	1.0129544703610683e-10	1.000000000038138e-10
1.0000000007033233e-10	3.476876159615376e-5	1.0074280029612342e-10	1.0002570554258973e-10	3.4342839069350646	0.5176671868407129	1.0000000006316969e-10	1.000000125406363e-10	5.019870148728756e-7	1.986942004590662e-10	3.1602322598665426e-5	1.0068437164298287e-10	1.0001300496740452e-10	4.86135190033149	1.0000000031012487e-10
