0.006210483555561845	0.0539195870445853	0.0014781324266249613	0.002964952537932804	0.017638136862030574	0.00288943741636962	0.07820689182071187	0.0035944433742886458	0.07883992709615095	0.055570371681181556	0.0008227322562706227	0.0006351109596868126	0.0024067231701833396	0.0004443531873408796	0.0011619912868461241
0.01483917961684754	0.00011454102735825378	0.01603255975619454	0.015047879218008632	0.013162704167236396	0.015915279769065354	5.0949990203418775e-5	0.015522033542202903	4.346279245369975e-5	4.419187317261197e-5	0.015988022281380358	0.016672011052562604	0.015297779631489986	0.009191373771540456	0.014515400047703507
5.076527940022037e-6	8.38658188626984e-5	1.0365926295770866e-10	5.343953956309061e-6	3.784134886432076e-5	1.000028811866781e-10	5.0945010531369465e-5	7.4935326463388085e-6	0.010975065464901759	3.392750471120486e-5	1.0861659712764809e-6	5.403694203594666e-5	5.082401260533884e-7	6.586445740694993e-6	3.8457718576923594e-10
0.025592041304505934	0.012736352399391915	0.027194972941863984	0.02895318365878177	0.009385842172982224	0.026091074025679555	5.933725568508352e-5	0.025872125522572398	4.6044979773005655e-5	0.012353892395222785	0.0151855928900275	0.025600755123903394	0.028509884862582588	0.040109948158332166	0.016291361156484045
0.0005925156790952872	9.099795305448074e-5	1.3132029351181373e-8	3.2333589328704224e-10	6.883711185724997e-8	9.251045689703061e-8	4.609085819500763e-5	7.693716599647716e-10	5.3383092010376145e-5	3.66607663784046e-5	7.908846223096096e-7	8.997969850817609e-7	8.957026426296034e-7	3.937524426342115e-7	2.4351029860905673e-9
3.475663735871433e-10	5.957397343668198e-5	1.0198428341659305e-10	1.3473869060408953e-10	1.2038559707359814e-8	5.336815737019893e-10	2.8477702859284553e-5	1.0078671708311853e-10	2.0348506458622042e-5	2.4860534480345293e-5	8.071975450590505e-10	4.276770451032812e-8	1.1033574692624283e-7	1.8271891640372981e-9	1.0512413938222057e-10
0.020255275535822972	0.01640081180602322	0.020853583530206075	0.02057140366908596	0.019188757057021492	0.020680043104911505	0.010361924657234532	0.020557632661050908	0.00698481380676674	0.01610836352198483	0.020891284690339667	0.021010583222661736	0.020651330139186994	0.018072767139733582	0.02070221008852776
3.469583188823207e-10	4.785152601838542e-5	1.9537608910535702e-10	7.462248938008063e-10	4.864649844447727e-8	1.0367285374180038e-10	2.340582931672054e-5	1.0012964564097011e-10	2.0569947532059754e-5	2.1048032792268052e-5	1.0645638413820439e-9	2.8382614726901513e-8	8.969064070188006e-8	1.6172651232258098e-8	1.6010354690869254e-8
1.2434575679758932e-8	6.573556520635605e-5	1.0094433558122415e-10	1.0107925129304243e-10	1.0005264375413052e-10	1.1839206478008924e-10	3.236872603426732e-5	1.0095771374719558e-10	0.0025997521179424283	2.840053685167681e-5	1.151841097415643e-10	1.8875760616930507e-8	3.9235147878300806e-7	0.002826193374982225	1.6484541462081374e-10
3.9705724998073556e-10	5.025820738540872e-5	1.0096749892203752e-10	4.872760908635513e-8	3.160602211302385e-8	1.0455991244519777e-10	2.4162823033826814e-5	1.0063945537293922e-10	2.1213398749540604e-5	2.1961452959318696e-5	3.4840589051497265e-10	6.55818665987795e-9	1.0203503736044583e-7	1.0371157060375234e-8	4.672993835370851e-8
1.0005131238303932e-10	9.673496258455532e-5	1.3419195231246726e-10	1.218586823403412e-10	7.906074604824625e-7	1.9650614756611955e-9	4.497763545808627e-5	1.86789797166524e-8	3.861251284349307e-5	3.596697198839354e-5	5.832423637168608e-10	2.6144785363606556e-8	5.0532492489984966e-8	3.849368704531959e-10	1.596148754926532e-10
6.482003994406756e-8	1.0032352150054353	1.0094465720923558e-10	1.0825640075766341e-10	0.0018459954421253563	3.881655912617952e-6	6.35696242558324e-5	1.3642926312915013e-5	5.468176451651497e-5	0.011776224107552477	2.569277168920953e-9	1.4636483482591649e-6	1.470452666725605e-7	1.6583088407138362e-8	1.0018477108034311e-10
1.0021343611817415	0.00011726051555209318	1.0026067258984688	1.001564862885794	1.0060284919454288	1.0026710663488558	0.9960560678528584	1.0026479799220216	0.9969045100611224	0.9918149172840978	1.008957573618329	1.0033818650618722	1.0018683839371407	1.0017294252476385	1.0086721111677197
0.01215687500682836	0.015699148550125483	0.011768247970006591	0.013328128717180166	0.002569763138987698	0.011569963791560986	0.01704111030812082	0.011453540922646405	0.01159107021739989	0.015132883841947276	9.455117120321263e-10	0.010535634403169408	0.012858873685259661	0.01092791716713574	1.1382528120083212e-10
6.491578403728684e-10	0.9907217218747547	1.8201022929444696e-10	1.8395841653530813e-7	8.262314849084129e-7	1.1096909001666767e-10	4.2350480430776534e-5	8.380382389837568e-8	2.721903422046496e-5	3.628199182771849e-5	3.5953119546346836e-7	3.907195912160895e-9	2.699245475620943e-6	7.893221699878955e-6	6.982183974614674e-8
9.887233951579412e-7	0.245374388673885	1.0425522375736751e-10	6.794255055043485e-7	2.7040645264038725e-10	1.0801192808721982e-10	4.3719657546235064e-5	2.878344597207626e-7	4.7090256637159594e-5	0.24727060628433015	9.212486353572221e-7	1.0191436588193627e-10	1.0959678109460076e-9	1.0357454964019967e-7	2.5800989382732483e-5
0.10953422320351978	0.07202744067329539	0.11349253962740057	0.11190288902417754	0.09976166767875047	0.1122130290134215	0.041881133389378634	0.11149169671423201	0.039691182587484976	0.06986407008988811	0.11400741758104245	0.11438765452624941	0.11244477445315597	0.11431849291694389	0.11334292898423742
0.21526338661357736	0.0001185501759649123	0.21194049877982774	0.21459869177592933	0.21509284486014932	0.21251253848694623	0.26627985502846274	0.21312186522684637	0.2821840464595542	4.517766919768045e-5	0.2044775582715204	0.21010737664391158	0.21379271267339306	0.2260457575419068	0.20589762441332216
0.01745209123870363	0.25897292044081544	0.01802872460233521	0.015606809490363324	0.03129042979066805	0.018585430986425316	0.013987144050380271	0.01864916332659434	5.418788090411701e-5	0.2602788247241889	0.03270282169969066	0.020043575565599943	0.016326657948075876	4.048274543700475e-6	0.032059174593301265
2.3460637930448504e-9	9.966090983868769e-5	2.2844788275204077e-10	1.2631696766455245e-10	8.263869747318636e-7	1.3023472765704555e-9	4.5149701306346936e-5	2.664281101533434e-10	3.848206690593248e-5	3.989512962457636e-5	5.747496455782065e-10	1.5330196848332771e-7	9.448669227926168e-7	2.544867541861124e-7	5.263699600475469e-9
9.349606648561785e-10	7.687782013560882e-5	1.8760405723866315e-10	1.4375862033854748e-10	1.5511481502152116e-7	5.8909200157110754e-8	3.974613975409639e-5	2.70140824071146e-9	3.310158046971779e-5	3.133283823477058e-5	2.2144059004471146e-9	7.6550071723798e-9	3.600934132654654e-7	2.5466358536702216e-9	3.138725072004835e-7
6.452190967717168e-7	9.712297573117242e-5	1.0247741290850726e-10	1.225351660706897e-10	2.7478447917507048e-8	1.0321489377082299e-10	4.8965132710225794e-5	2.924591181935906e-7	3.9237346081251416e-5	3.86427329538937e-5	2.8610502396688473e-6	4.154545271228563e-8	1.545179515542335e-7	1.432421613074398e-7	2.3151344206740845e-7
2.885201539703591e-10	9.190815060661817e-5	1.0415762954418716e-10	1.2451452027909696e-10	1.1942927055949503e-6	1.8760139311383375e-10	4.7426030027629434e-5	3.0381912016149165e-9	3.863747972886472e-5	3.700651983282136e-5	2.6702908212894447e-8	7.550303576401738e-10	1.0077739045089132e-10	5.387031676729469e-10	9.76579829327024e-7
1.0553823958985528e-9	7.499697298753573e-5	1.0724829720447484e-10	1.9038008784813484e-7	1.1907532350603419e-7	5.622668457846398e-8	3.860416702928465e-5	1.0055249864218694e-10	3.220360155723285e-5	3.087101177209573e-5	8.424915147497805e-9	4.260834739312536e-8	3.4374926321742337e-7	9.896902536250146e-9	2.08970221721663e-8
4.0394240547896546e-10	7.247729756824476e-5	3.961237675171171e-10	3.625715598676453e-8	7.613634066543864e-8	4.775569854420602e-8	3.78181233552204e-5	1.0793815413144589e-10	3.154663588472435e-5	2.9965333586836704e-5	6.70552262256263e-9	2.1558192951445162e-8	3.2794432375332376e-7	7.462509659896232e-9	7.021125022136524e-8
1.2955231799595424e-9	8.959349563090465e-5	1.275876539266873e-10	6.240860338217317e-9	5.611422553028526e-10	3.424486273486307e-9	4.463732195109485e-5	1.0547784354188013e-10	3.847951320692373e-5	3.680500526290349e-5	1.5450692810747126e-8	8.01020234680339e-8	5.58512564428357e-7	5.308521393050064e-9	7.020301575735626e-7
0.04160803271564989	0.00011201719681491182	0.04330767449417704	0.04746750945778575	2.5428384029646734e-10	0.04131449502850679	5.0442029388726495e-5	0.04058313070764297	4.163039036200167e-5	4.455135936376925e-5	0.0097054799753858	0.03968568966982205	0.04631772684610627	0.05479153389680004	0.010511219344835853
1.1352615211296247e-8	0.00010441277483661024	1.1667546146756476e-10	1.4346191771348216e-6	3.905982802407986e-5	3.531016577365078e-7	4.9096180266321265e-5	1.7146155941675034e-5	4.0499670228640836e-5	4.249856732065226e-5	1.6392753733913227e-7	1.792830448053385e-6	1.0354802586906428e-7	9.269801661069158e-8	1.2170672884899588e-10
3.459716224261036e-9	9.321575318861066e-5	1.053854031704501e-10	1.5323738177916943e-7	6.900012614677881e-10	1.0283628685695452e-7	4.662537004345192e-5	3.058987282409015e-9	3.9150187082682235e-5	3.751713358843147e-5	3.07270583243592e-8	1.10393678002321e-6	1.680480315699611e-7	2.4361347557600774e-8	1.8444491105620892e-7
0.019314330168849196	0.00011050438113408265	0.021679835211490965	0.01146559821291126	0.07999885506884187	0.023643046611943035	5.1872656979665644e-5	0.024121658617147785	4.0667215948980197e-5	4.380295744419341e-5	0.08978080623926957	0.03000192135448828	0.014522581378725091	3.8388386445786496e-5	0.0880111205798955
