9.677062368838632	9.765783989890663	8.587499464488747	1.6604890956859927e-10	9.489013467668201	9.039525617301146	10.352079102317743	1.007723014348306e-10	9.543906402850299	8.798004830340007	10.438676478577335	3.859896852593562e-10	9.439658756450113	9.677593474711166	12.025911053895841
1.0000000009484712e-10	1.0005939958379932e-10	1.0000294128625023e-10	1.66513580381104e-10	2.4935001822453996e-10	1.0000000007293256e-10	0.6939656638079555	1.0047469955167073e-10	1.000000048494571e-10	1.000000001382126e-10	1.0000000917645234e-10	11.462299122698132	1.0000000031437107e-10	1.0000000269437663e-10	5.653184783404481e-10
1.0000000226005773e-10	1.0000000718577432e-10	1.0000000261241553e-10	1.6302685750602378e-10	2.586325506730449e-10	1.000000015035283e-10	6.995467298125383e-7	1.0049406467561869e-10	1.0000000423314864e-10	0.3229792286447069	1.0000000437367624e-10	3.782455502748001e-10	1.0000000055551649e-10	1.0000000060349553e-10	5.105550161748751e-10
1.0000000443196775e-10	1.0000014130897551e-10	1.0000485386839672e-10	9.740924115264969	2.49018076167731e-10	1.0000003877020484e-10	0.44083523877373787	10.03483399844538	1.0000004505253253e-10	1.0000000003111178e-10	1.0000000000002234e-10	3.818121594354208e-10	1.0000000037589484e-10	1.000000004138609e-10	5.360460674293484e-10
1.0000000493808878e-10	1.0006849284823965e-10	1.0001493815008107e-10	1.465590472989109e-10	2.4939756190397804e-10	1.159045005155211	6.076187948249018e-7	1.0011965154456381e-10	1.0000000257911061e-10	1.0000000006426571e-10	1.0000000441914849e-10	3.780462715357894e-10	1.000000000514699e-10	1.0000000143679198e-10	5.264230052717094e-10
0.016672240216116987	0.017324725077413887	0.013096381848029233	1.706540979001762e-10	2.1641759405926313e-10	1.0000000129480316e-10	8.474396996634321e-6	1.0281526558838786e-10	0.01736150501654797	1.0000000000747558e-10	0.02024124018810871	3.80436128626614e-10	1.0000001587291202e-10	0.016691640725817112	0.020754487780594383
1.0000000101780412e-10	1.002372104554083e-10	1.00107069819251e-10	1.7860659321490065e-10	2.476824465779924e-10	1.0000000572779098e-10	0.000503777348283167	0.0016573920298084929	1.0000001537806796e-10	1.0000000001038063e-10	0.00046229352712757137	3.828772224266754e-10	0.0008086151167146482	1.0000000012870874e-10	5.668380686068609e-10
1.0000000213941397e-10	1.003015334398827e-10	1.0000000450063779e-10	1.618743558532565e-10	2.465070359906726e-10	1.0000000026541396e-10	1.3180781314410187e-8	1.0000233031854633e-10	1.0000000539946054e-10	1.0000000005107697e-10	1.0000000570853634e-10	3.869126314536777e-10	1.0000000717668755e-10	1.0000000013844246e-10	5.400044148389496e-10
1.0000000000425576e-10	1.0038359153324935e-10	1.0000000008131731e-10	1.6598460774339374e-10	2.471833816419519e-10	1.000000236083788e-10	1.3141864765353063e-8	1.0002091906969598e-10	1.0000004063327208e-10	1.0000000000402589e-10	1.0000000266729998e-10	3.811185821505252e-10	1.0000000057771845e-10	1.0000000012967863e-10	5.178021854646008e-10
1.0000000221830198e-10	1.0081473863317772e-10	0.001348449218453232	1.5649671356326472e-10	2.480453484712869e-10	1.0000000404916638e-10	2.583803472670444e-8	1.0038597499089782e-10	1.0000000042333315e-10	1.0000000005296665e-10	1.0000000444120408e-10	0.00044942485809052916	1.0000000048709797e-10	1.0000000034219166e-10	5.110305140252247e-10
1.0000000103981709e-10	1.0004514309466963e-10	0.29453866191945827	0.5511170368094811	0.22459635750506862	1.0000000942730663e-10	0.5770264653177274	0.34382834738699874	1.0000000012682936e-10	1.0000000006779569e-10	1.0000000861241315e-10	3.8285663878291285e-10	1.0000000052102212e-10	1.0000000006339566e-10	0.22554766075197605
1.0000000000172125e-10	1.0069402862753787	0.6734191688302469	1.5731344439002682e-10	2.5847855222389583e-10	0.12929330807744996	0.4658141132744537	0.8171982895700012	1.0000000294999332e-10	1.0000000000338854e-10	1.0000000369659542e-10	1.9148745850818392	0.9681845109495136	1.0000000151382192e-10	0.5859535084302595
1.0067585796210192	1.0001884317187285e-10	1.0002923857492558e-10	0.678117206363221	0.7078175020156822	0.9567170128590115	5.792441136075991e-5	0.4018520363363423	1.0097192483781074	1.0047094255605902	0.9795246873659734	0.001039888482048392	1.0000000029582661e-10	1.0067306439436983	0.18822938076251494
0.008310870582544332	1.000997650415209e-10	0.4060554560647947	1.5910536242637478e-10	0.32766251365523313	1.0000000516611438e-10	0.3904083709847115	1.0150432063429332e-10	1.0000002883459359e-10	1.0000000012437301e-10	1.0000000454325544e-10	0.0037124609549873196	1.00000000546699e-10	0.008318317654398784	6.616859970316219e-10
1.0000000041673008e-10	1.0156615671172702	0.6316235295552203	0.0040895114761692235	2.4923128438685605e-10	1.0000000042880362e-10	0.6637522081999491	1.0008682986211097e-10	1.0000001245216057e-10	1.000000000713857e-10	1.0000000310722152e-10	1.121491114036102	1.040716538948733	1.000000001315676e-10	0.8374960201575531
1.0000000001207528e-10	1.0067279376126501e-10	1.0002003341686564e-10	0.033660538235714306	2.4938117668081615e-10	1.0000000135414556e-10	4.0081993313777947e-7	1.0022686099472458e-10	1.0000003557287005e-10	1.0000000003009926e-10	1.0000000029556834e-10	3.846988926604218e-10	1.0000000045267892e-10	1.0000000009763777e-10	5.338834431959198e-10
1.0000000029395469e-10	1.0042664342454022e-10	0.6915943422405982	0.1376134407587524	0.6060130626953661	1.0000000347144608e-10	0.41829983217810435	1.0037553710514939e-10	0.2892814190553343	0.6655500557406503	1.0000000361767188e-10	2.457001824331271e-10	0.7506163660176968	1.0000000150394218e-10	5.104288691350922e-10
0.34177989886071924	0.34701049237773274	1.0000070012886885e-10	9.211956127915388e-7	2.480377590153772e-10	1.0000000248008688e-10	0.18364079582292683	2.7728897779520083	1.0000000617623833e-10	1.0000000010106223e-10	1.0000000507392359e-10	3.8236275264657074e-10	1.000000011717901e-10	0.3416898830655146	0.3110122168400835
1.0000000001320824e-10	1.0000000026755554e-10	1.0001608090994914e-10	17.363274284338083	16.290396118109545	1.0000000188450675e-10	0.03409483481360905	1.0030235179073988e-10	0.350048347294656	0.3598501600350731	1.0000000115408977e-10	3.818832163167971e-10	1.0000000027624121e-10	1.0000000023328855e-10	4.937246054537623e-10
1.0000000007256272e-10	1.0006461747008616e-10	1.0179789598251149e-10	1.6600180431014806e-10	2.1123417927217579e-10	1.0000000480210759e-10	5.390191342953514e-7	1.0000040077121226e-10	1.0000003475638439e-10	1.000000002723993e-10	1.0000000432716126e-10	3.814002539745202e-10	1.0000000032076382e-10	1.0000000014544735e-10	5.153911761772642e-10
1.0000000520685762e-10	1.0000000054987442e-10	1.0000006082258038e-10	1.680724790161724e-10	2.5013461350311667e-10	1.0000000006143277e-10	0.041577849484243166	1.0083885906826498e-10	1.0000000807077597e-10	1.0000000032850518e-10	1.0000001398662861e-10	3.8280823876902684e-10	1.0000000148774679e-10	1.0000000015857818e-10	5.327373375669944e-10
1.000000000228528e-10	1.000000032408206e-10	1.0000217799740347e-10	0.49260698853648	0.0014164726774963793	1.0000000102571317e-10	5.278241086940431e-8	0.1604480778818784	1.0000000077143159e-10	1.0000000008499722e-10	1.0000000062093793e-10	0.173289895276153	1.0000000085899675e-10	1.0000000074881643e-10	5.312591614740145e-10
1.0000000018669115e-10	1.0003154992561703e-10	1.000447296080768e-10	3.496823121091918e-7	2.4999044107196184e-10	0.11939858294646888	1.0536907295344699e-6	0.00021783644900116823	1.0000000753982891e-10	1.0000000012233978e-10	1.0000000751977313e-10	3.8238511413100537e-10	1.0000000022638776e-10	1.0000000080988404e-10	0.01845182762214497
1.0000000244911361e-10	1.0026289853433694e-10	1.0000044787221644e-10	2.0202034706682652	1.8815576744183213	1.000000016963497e-10	0.00014642365711943367	0.6538869921881089	1.0000001852590072e-10	1.0000000002375482e-10	1.0000000563788921e-10	3.82802463073346e-10	1.0000000019439202e-10	1.0000000005780545e-10	5.225026350969477e-10
1.0000000264290526e-10	1.000001296305475e-10	1.0014231286538986e-10	1.6754890652807407e-10	0.09305985870451444	1.0000000108919554e-10	4.180481670104155e-6	1.0069392322867497e-10	1.0000001901768058e-10	1.0000000012121926e-10	1.0000000209447071e-10	3.817123845434186e-10	1.0000000274206612e-10	1.0000000011197723e-10	5.087563602451936e-10
1.0000000120927799e-10	1.0003015988860011e-10	1.0000023016205384e-10	1.549840520264521e-10	2.4919306163563575e-10	1.000000018246659e-10	0.595668904479832	1.0007454587265783e-10	1.0000001215960593e-10	1.0000000045652473e-10	1.0000000853163333e-10	3.796721987832878e-10	1.0000000065836328e-10	1.0000000016764293e-10	4.982445085043504e-10
1.000000012691412e-10	1.0000060890392351e-10	1.0044234970466698e-10	5.0785653629624266	0.010621006986537364	1.0000000037944258e-10	6.144378078162887e-7	1.0162529288940353e-10	1.0000000356850836e-10	1.0000000049458603e-10	1.0000000203190352e-10	3.8162649067295096e-10	1.0000000037511714e-10	1.0000000025977651e-10	4.952779912564837e-10
1.000000050515795e-10	1.0039378321617927e-10	1.0007919699652905e-10	1.5990527083689007e-10	2.5021005883304096e-10	1.000000008654197e-10	1.5415246082350945e-6	1.0160085311582549e-10	1.0000001543965e-10	1.0000000012216003e-10	1.0000000073638585e-10	3.840044212701966e-10	1.0000000130165138e-10	1.0000000019910114e-10	5.261081418211883e-10
1.0000000326676146e-10	1.0019535835617421e-10	1.000000002221316e-10	1.6582613996762186e-10	2.492288492246474e-10	1.0000000008553545e-10	1.9439848202405755e-6	1.0089051442416669e-10	1.0000001679521335e-10	1.0000000020328801e-10	1.0000000474313502e-10	3.8224224513668393e-10	1.0000000229606626e-10	1.0000000009674568e-10	5.835391402271977e-10
1.0000000008720878e-10	1.0023224246945226e-10	1.003293089576037e-10	1.8175324585250177e-10	2.495824902727545e-10	1.0000000124325364e-10	5.578873589457123e-7	1.002074573632828e-10	1.0000003967237811e-10	1.0000000004974542e-10	1.0000000376481356e-10	3.8183756768709266e-10	1.0000000070347493e-10	1.000000035689528e-10	5.12056275133771e-10
