1.0070502194628792e-10	9.263463904656337	9.261590090704221	1.950757150382778e-9	6.468990428987801e-5	1.2453822534395757e-5	1.84993030044681e-5	0.00013519618188916632	9.153619236306268	10.42763356794749	1.2928547867114952e-10	28.0079347555376	4.109562621188229e-5	5.274051382108751e-6	1.0313397567278201e-10
1.0328635298760768e-10	1.0508537022281481e-10	1.0202209208410063e-10	1.928542976841038e-9	5.7281086206202695e-5	1.3261950866655349e-5	1.981103770220242e-5	10.386556864174851	1.0000107533542102e-10	1.000002665176192e-10	1.6526824196370527e-10	9.037509304611672e-5	3.8587645471919615e-5	0.03164508250213931	1.0140188083300347e-10
1.0292803004931408e-10	1.0004108043599872e-10	1.241095969350448e-10	2.1903785712034705e-9	5.7001639575936874e-5	1.3153440146914137e-5	3.18520117247607	0.00013821771836216413	1.0000118541986056e-10	1.0000059736148861e-10	2.1684128202735212e-10	8.738812172064153e-5	4.2658581620844935e-5	1.936532226952121e-7	1.0145675153604502e-10
1.0546048556118362e-10	1.1282772858268237e-10	1.2800684170041845e-10	1.9851308636551708e-9	5.733672875333518e-5	1.3911144808617884e-5	1.9433140032810033e-5	0.00013620512699830673	1.0000063184289852e-10	1.0026496247433528e-10	20.233147595866534	8.468610430802428e-5	4.691276153251409e-5	0.0005407972230059801	1.0165182350835888e-10
1.0021020747252494e-10	1.0049225542068676e-10	1.0282513858434686e-10	2.064194709277463e-9	5.7019451075677106e-5	1.2981014568133578e-5	2.3711568355595935e-5	0.00013151614109238098	1.0000167784452513e-10	1.000069024464439e-10	1.918025175847351e-10	8.534228895263959e-5	3.718445880949719e-5	0.00011474678717219562	1.0304200227056847e-10
0.00048243918794973356	0.0007722485570299545	1.0070535167254057e-10	1.981967800600018e-9	4.735798749026836e-5	4.083101934776814e-6	5.034074881002696e-6	1.2073839070681363e-5	0.0008297710303892696	1.0011723387926054e-10	1.1355570087628409e-10	8.306247377685351e-6	8.664812705655727e-6	2.3442787955081395e-5	1.0482584865096793e-10
1.0016649198802562e-10	1.1199804737310735e-10	1.2781207233916616e-10	1.864287257117051e-9	5.9412853391841554e-5	5.15193972122643e-6	4.618827850035077e-6	1.8198412222518602e-5	1.0000053674490149e-10	1.0000031416701382e-10	1.0071745447433074e-10	9.127845061352615e-6	0.00021517855734012008	1.4004922192949054e-5	1.0081795344584642e-10
1.0189835835014466e-10	1.014228332659073e-10	1.0972311272221363e-10	5.409845946050797e-7	0.0005419965295094363	8.819268150044715e-6	8.128204439411002e-6	2.7349864808796876e-5	1.0000189590456639e-10	0.003048827937004476	6.833895183299882e-10	7.780571853743057e-5	5.705014172476366e-5	3.9850507015002134e-8	1.170056063626919e-10
1.0030603301348129e-10	0.00018771404888874365	1.0708096665077721e-10	0.0023130021650979255	0.00038259212445653396	0.0016894808307169483	0.001561643478668143	0.00014480145922788625	1.0000125557824428e-10	1.0000000584271773e-10	1.696610708184077e-10	3.4085298256016523e-6	2.339032113054735e-7	0.001200548890246019	1.0006926753848921e-10
1.0167847443682681e-10	1.014994504138022e-10	0.00015854254856174915	2.1302453238283404e-9	0.0006455084535191829	4.255582532579419e-6	5.431858677376924e-6	1.2772749262168631e-5	1.0000455241582468e-10	0.013740506375216042	1.0249225040586536e-10	5.4121705649075035e-6	4.8732711420720694e-5	5.6391183513442516e-5	1.0928627960923201e-10
1.0008372328622811e-10	1.021866022607995e-10	1.0427688413459982e-10	0.22244997677054926	7.513241613175062e-5	0.25131663398736614	6.201794890326317e-5	0.00012542919278943205	1.000025109315918e-10	0.19235127930137783	0.8047924942834777	0.7387387027534426	0.00036310737168746053	7.084848742731274e-5	1.0458171857834697
0.3321898606941088	0.00031758698482529636	1.3904077488395492e-10	0.04310646357751503	6.149311360822591e-5	0.7293088468787182	0.7243980012165265	0.0014393185906387703	1.0000113703708602e-10	0.38644422634222353	0.24371765540329698	0.0677335674640438	0.7344736305540012	0.34387397032463163	1.0040600496140232e-10
0.6357603721356386	1.007888992923942	1.0181990449094815	0.8267892211528978	0.6102366920430561	1.5118356638292813e-5	0.2598406077281548	1.2513760186258338	1.0095168452245546	1.0000001523756203e-10	0.002274443524911545	5.755276719947255e-7	0.1690997311870833	0.8135917924342674	1.0005170214165665e-10
0.3352731143217852	0.0007257257490559555	1.0454998283960587e-10	1.9822731252459086e-9	0.7396393789691575	0.9101893291132275	0.5405612618106032	0.0001590946824021484	1.000002473139747e-10	0.8138231245531261	1.1260579861198181e-10	0.041590740114736006	0.7439363643404578	6.550926891163711e-5	0.811401553257399
1.0073194701073969e-10	1.0624026635848243e-10	1.3771175953801247e-9	1.9081087474363034e-9	6.228570481745022e-5	2.1473623225438232e-5	0.0008661774359770533	0.00011573277819186876	0.002644579188016483	0.06880293916185758	1.117752960206051e-10	0.7351184472544067	1.0881326960416347e-6	4.069604899144366e-5	1.0138569794364925e-10
1.0073390379881763e-10	1.0398966938035921e-10	1.6077468804522953e-10	1.871106089511274e-9	6.385243587202269e-5	1.2918154659844661e-5	1.8550033229844837e-5	0.00012923119638303502	1.0000136253911256e-10	1.0000007318108794e-10	2.5677507339373736e-10	7.212210920852802e-5	3.975447377380321e-5	4.9818971313014194e-5	1.0094103434374725e-10
1.0170943389899232e-10	1.1933583850648583e-10	1.1328021767865698e-10	2.1468123963787736e-9	5.76030302142692e-5	1.0971786352727592e-6	3.093867427384404e-5	0.00015133644322810772	1.0000081944160795e-10	1.0004641299478111e-10	1.354464899881287e-10	9.033800934691171e-5	8.315672001852167e-5	7.200365228046878e-5	1.1260515842508368e-10
8.106153354554266	9.27508811400084	9.5189682547353	2.151701612945865e-9	8.12164241821958	3.7300038773220376	8.54854636235889	5.935187227416498	9.185521946716987	1.0000062012436075e-10	1.6195606964433198e-10	8.280775247221677e-5	6.892781489612238	0.0001011129469670369	1.0096779373720098e-10
1.0018402783153072e-10	1.0308501479480852e-10	1.0340901693483005e-10	17.275041734268235	5.5576312506012846e-5	4.736856784735781	1.030412760588929e-5	0.0001344538754390341	1.0000117549929819e-10	1.000029035827099e-10	1.0967563133952521e-9	9.771642088933883e-5	2.9543278173175268e-5	17.155017316562414	13.726201978416995
1.0571720148446352e-10	1.0259445809570235e-10	1.0157523537066392e-10	1.9425550401976823e-9	5.686591764245578e-5	1.2982178816637799e-5	1.8428914234625176e-5	0.00012863853209578557	1.0000151261590325e-10	1.0086351400307733e-10	1.0113946484968224e-10	6.89469405431344	3.9130763445044304e-5	7.249764208128192e-5	1.0517570681319942e-10
1.0759667386646135e-10	1.2418077966444727e-10	2.766651768799481e-10	0.13684227430273607	2.1991844890016287e-5	1.2697812046568122e-5	3.960960475714573e-6	7.093777553106289e-5	1.000018345435813e-10	1.1326283799130386e-10	1.6236548652661264e-10	7.368170838974312e-5	3.5317519264160324e-5	0.14853148452277545	1.0924229475262851e-10
1.0156808852297522e-10	1.0048963902769509e-10	1.0269035705645088e-10	0.16835782440498503	0.2066321733071609	1.3608488307137375e-5	3.163181674895335e-5	0.1549744914786532	1.000013107978042e-10	1.0000011579291609e-10	0.0035316228143445257	0.08477531804500629	4.9055223304766615e-5	3.822067233247141e-5	0.1673352615345399
1.021817688597967e-10	1.0019928727470563e-10	1.3003445539556866e-10	2.228388166733907e-9	7.308535769577175e-5	0.18933402467858537	0.0005367239256893322	8.660369894305759e-5	1.0000181329697372e-10	0.4511248191010799	0.2736571922483418	0.16408454987221674	0.0071095309933472475	0.1376584676741233	0.11202851795367626
1.0125560257968717e-10	1.0609966329331961e-10	1.0620044317764222e-10	2.191981600762042e-9	7.326152198333344e-5	1.3272620086163495e-5	7.55639558446026e-6	9.81792306471854e-5	1.0000039623575017e-10	1.090039546801696e-10	2.2352632316325746e-10	7.521475340961844e-5	4.8507035028021846e-5	8.157072881954067e-5	1.0075005219129072e-10
1.0186225409358329e-10	1.00687415454385e-10	1.3299969249977656e-10	2.0953708286511883e-9	0.010648335606809296	0.20015383598550107	0.1952135233189832	7.637953557266821e-5	1.0000103491154291e-10	0.22668961760427883	1.4191497877122776e-10	0.0001381090683891093	0.21086877164281323	7.3215831218929426e-9	1.0020578220998482e-10
1.0082152472831991e-10	1.1286603805354917e-10	1.0047052462584914e-10	2.0377225036109824e-9	5.605607532057571e-5	1.2003716186860144e-5	1.9590583242356508e-5	0.00013391662163468094	1.0000124577150814e-10	1.000041570508865e-10	1.3677523602988116e-10	7.370403051190279e-5	4.094371868799241e-5	5.5088256995606435e-5	1.0154131546308933e-10
1.0040562632121597e-10	1.200554091714663e-10	1.0394627464928558e-10	2.0269547901860817e-9	5.4878076079009865	1.2761041468006534e-5	1.9730370602498796e-5	5.631579750681475	1.0000184287351435e-10	1.0000077814624527e-10	1.2618967079341676e-10	6.997070433214184e-5	4.36601347680256e-5	5.372666746554126e-5	1.416141722161291e-10
1.063681505133945e-10	1.2522506615145685e-10	1.0612613779043568e-10	2.059200114377203e-9	5.727808057421887e-5	1.284407800464915e-5	1.9334916768494894e-5	0.0001314912397184883	1.0000098322418946e-10	1.0006319626177396e-10	1.5095473153964966e-10	7.535558834351108e-5	4.23704588400995e-5	7.532437840945703e-5	1.0011911755752051e-10
1.0224672215031847e-10	1.0188042275344899e-10	2.443893926718383e-10	1.944400829372645e-9	5.684879140461833e-5	1.3203853488037701e-5	1.830037879480461e-5	0.00013291851484247078	1.0000114730162119e-10	1.0000033310465976e-10	14.595490429994726	8.146037024073451e-5	4.213554818568526e-5	8.041341655525969e-5	1.002024241430613e-10
6.613054103358831	1.0352495206985974e-10	1.0468006842078028e-10	11.391907313695588	5.760295113413919e-5	1.2747643358376352e-5	1.8755187825862254e-5	0.0001316886785110598	1.0000078422057478e-10	1.0007813201719472e-10	1.0054511710058397e-10	8.270329695847408e-5	4.3757599934043593e-5	7.005146601236611	12.816475804009396
