1.0000000751164985e-10	1.0000000111160783e-10	0.9980791176073533	2.464682429908529e-9	0.9952607220803307	1.0223542067157179e-10	0.9958110743177269	1.0000848551096067e-10	3.885802268029954e-7	0.9978206379517156	1.0000432482815734e-10	8.619452826924192	9.643479581082727e-9	1.000677206333983	1.0000001312369211e-10
1.00000027970292e-10	1.0000000054961009e-10	1.0000966485616063e-10	2.483774629024582e-9	5.2217081773262584e-8	1.026651020415819e-10	1.0000000015055153e-10	1.0001462436341319e-10	2.11064869162566e-7	1.0000008065159187e-10	1.0000000001741004e-10	0.894177807513268	9.58752307118615e-9	1.0305090067268363e-10	1.0000000055564864e-10
1.0000001102479694e-10	1.0000000783532271e-10	1.0000000091952043e-10	2.47260080196669e-9	5.2215631129474803e-8	1.0266239380045446e-10	1.0000000000000031e-10	1.000043957450277e-10	2.1218614742744162e-7	1.000026453047195e-10	1.0000000428391336e-10	9.364261474844976e-6	9.658284113922938e-9	1.0855879254905119e-10	1.0000000051643202e-10
1.0000000135531938e-10	1.000000000066105e-10	1.0000000785651606e-10	0.5145488037528956	5.20938555594605e-8	0.5110949660551649	1.0000011511350606e-10	1.0000308221202274e-10	0.45874781148350957	1.0000036317006473e-10	0.49726561299025274	1.0424909998184319e-10	9.57146753751821e-9	1.1748957255874617e-10	0.9885862827218423
1.0000001190906604e-10	1.0000000311839835e-10	1.0000020241201621e-10	2.4461210590536868e-9	5.219749476265721e-8	1.0299387900897524e-10	1.0000026656597993e-10	0.9793252063897429	2.0577741730789188e-7	1.0000136372675332e-10	1.0000003819045183e-10	1.932757461820412	9.585146960975695e-9	2.2985695406684573e-8	1.0000155465567571e-10
1.0000004066584444e-10	1.0000000133494457e-10	1.0167385258164795e-10	2.546306604126796e-9	5.238131342821678e-8	1.023989502365003e-10	1.0256536088267045e-10	1.0000123593320957e-10	0.0011274363262176012	1.0000077212513371e-10	1.0000001530291455e-10	1.0178832430135152e-10	9.625133891529935e-9	1.0097576023810308e-10	1.0000000414066617e-10
0.00454538451591468	1.0000000820619832e-10	1.0098537956293505e-10	2.423591544093137e-9	5.2476253123537364e-8	0.003384032282306609	1.0122565399028671e-10	1.0000109294292983e-10	2.1142853928711368e-7	1.0000295073460005e-10	1.0000000512788967e-10	1.0488209994464116e-10	9.676494532529085e-9	1.0328826760243797e-10	1.0025062096937748e-10
1.0000000328581075e-10	1.0000000078501184e-10	0.0003486883514451404	2.569683541176482e-9	5.2375100786356155e-8	1.0244267757178212e-10	1.0093228250841797e-10	0.9028590432612671	2.0847634476575513e-7	1.000001026628575e-10	1.0000000000000458e-10	4.672807028074986	9.673400083335924e-9	3.4282755240663e-8	1.0000000005436892e-10
1.0000000088884132e-10	0.020898128912303207	1.0000295865628853e-10	7.88350377523153e-10	5.111367243813885e-8	1.0284688416288133e-10	1.0000003217004812e-10	1.000074694838894e-10	1.1013561092126182e-7	0.012605389383199229	1.000012674097678e-10	1.0129078680365887e-10	0.021152670565828615	0.004128331459062907	0.0257431799107038
1.0000001026907568e-10	1.0000000122505594e-10	1.018904952280494e-10	2.54933775050341e-9	5.2496393114555117e-8	1.0333321686616044e-10	1.0268696263370979e-10	1.000012877755815e-10	2.2549661078594113e-7	1.000028454235611e-10	0.001550089406681415	1.0596335799224071e-10	8.984393825853736e-9	1.0164344114288669e-10	1.0000000725358782e-10
1.0000012274891999e-10	1.00000000482618e-10	1.0000000735212838e-10	0.989231915955168	5.2347670500257156e-8	0.9834260776911822	1.0000441210354178e-10	1.0001009552998816e-10	0.9846656570677509	1.0194587745314379	1.0000000017902688e-10	0.4706297942091247	9.612210313338474e-9	1.0000000000000031e-10	1.00059028510228e-10
1.0000011836716819e-10	1.0305172547408352	1.0000005542361419e-10	0.044608893564912905	1.0314373868797684	0.05548157501708241	1.000000003283144e-10	1.0000297264060102e-10	0.030124777765503437	1.0000637850243917e-10	1.0000954729389022e-10	1.028775081453535e-10	0.017752620773566045	1.1910388654577377e-8	1.0000000671903938e-10
1.0071528284510995	1.000000019129306e-10	1.0335369235789	2.449560809680401e-9	5.2201058815325265e-8	1.0265385060969515e-10	1.0342059265755852	1.0000675774756437e-10	2.0817853022968835e-7	1.0000200015837957e-10	1.0357810224430475	0.00011235095904522275	1.0130777515775553	1.0273970509562835	1.0325678752971186
0.04659490098718126	1.0000001306454333e-10	1.0000376407492604e-10	0.9840644160368965	5.2093956122307715e-8	0.982911744769191	1.0000007982419439e-10	0.031822980057427216	1.0068520719325105	1.027686501886306	1.000000675581401e-10	1.0836187622632558e-10	9.5800125799479e-9	3.136525714803987e-10	1.0000010480121391e-10
1.0000000300850971e-10	1.012501475992248	1.0025894524455266e-10	2.4517204547856985e-9	1.0327578187311974	1.0270448549655195e-10	0.00048421801159003044	2.2903110805440305	1.7557615007449348e-7	0.010933908369203238	1.0000000153118653e-10	0.881002844492196	9.72648834817553e-9	0.032655522066897605	1.000001715677311e-10
1.0000002721386114e-10	1.0000000167896556e-10	1.0000010965783272e-10	9.968693597020998	5.2247471603733155e-8	9.995949035076722	1.0000015357050736e-10	1.0000467434583371e-10	2.0395519059780221e-7	1.0000130870206256e-10	1.0003483674016784e-10	1.0055057986614747e-10	9.57960000439033e-9	1.0271621894821002e-10	1.0000000223641726e-10
0.593032853204961	1.0000000000438862e-10	1.0000031928361132e-10	2.4946120841074502e-9	5.223515040899575e-8	1.0279931816187827e-10	1.0000006019097465e-10	43.628123737280646	2.078583481308643e-7	1.0000024015234586e-10	0.5437514057292132	79.06714233084257	9.613194716459571e-9	10.58220594840127	1.0000000401062477e-10
9.865048705938625	9.747339276440046	10.332424211522584	2.4964025766062166e-9	10.253570086207734	1.0266939510447562e-10	10.32094972974974	1.0000253472307594e-10	10.004982071735553	10.190267791134142	10.027505945176243	1.0595802614289175e-10	9.751408710835733	1.0645715904055238e-10	10.245852080402921
1.0000007344054744e-10	0.7185969459708579	1.0000000000782659e-10	9.997821351473085	5.225291186056681e-8	9.966550715371893	1.0000000164116966e-10	1.000096461817163e-10	2.1926747814158115e-7	1.0000239006527268e-10	1.0006707729892119e-10	1.0045735667158482e-10	0.7212264866058783	1.0536993291913366e-10	1.0000000902617076e-10
1.0000004203524099e-10	1.0000000047336531e-10	1.000000000955907e-10	2.4518972010762634e-9	5.2261349430079195e-8	1.0268841929701376e-10	1.0000000204367615e-10	1.0000956246106752e-10	2.073218371559266e-7	1.0000208887356846e-10	1.0000020563027298e-10	1.0114466567318953e-10	9.697670080173122e-9	10.209568265337179	1.0000000960101446e-10
1.0000001532930021e-10	1.0000000013246111e-10	1.0030750763447174e-10	0.0009096771511805722	5.2358503531593626e-8	1.0252357188411289e-10	1.0080319284581691e-10	1.0000835181818017e-10	7.950682575121166e-8	1.0000095752545142e-10	1.0000000019272935e-10	1.0866155954966278e-10	9.65102317424115e-9	1.0136948300175149e-10	1.0000000354830692e-10
1.0000006979420578e-10	0.06956005534558518	1.0000091998373876e-10	2.686049281176469e-7	5.2476547516056774e-8	1.0256192524505002e-10	1.0000001484875334e-10	1.0000063219171823e-10	0.01318039338471071	0.03635716987952746	1.0000001998650259e-10	1.0288519329454205e-10	0.07038106177477071	0.004699434445687779	0.09529905447008269
1.0000000044871907e-10	1.0000000128833012e-10	1.0000000012499474e-10	2.4828182682033636e-9	5.250815505780179e-8	1.0275018822178095e-10	1.0017642141490497e-10	1.0000157624189125e-10	2.2216650230251806e-7	1.0000093545167393e-10	1.0000000965437657e-10	1.0395622419837113e-10	9.634178854358478e-9	1.0468777003548089e-10	1.0000000905090262e-10
1.000000297261644e-10	1.0000000342355443e-10	1.0000000098769914e-10	2.490352931994366e-9	5.2293189379366246e-8	1.0307555403154302e-10	1.0006803822457106e-10	0.02416822088421243	2.2225109902345862e-7	1.0000328124465929e-10	1.0000005272015393e-10	1.2747817332118364e-10	9.65052013802681e-9	0.0049726790415500505	1.0000000280806204e-10
1.0000000475632839e-10	1.0000000859277696e-10	1.000460475104494e-10	2.480682531044508e-9	5.2395957286484626e-8	1.0360558821684182e-10	1.005862254043877e-10	1.0089026953991307e-10	1.1796536556860283e-7	1.0000044043183284e-10	1.0000000006868422e-10	1.045200616905754	9.583428943512094e-9	1.0660222184864784e-10	1.0000002458693246e-10
1.000001435974227e-10	1.0000000012453537e-10	1.0000010965783201e-10	2.4759586865775497e-9	5.216685977353153e-8	1.024904306595686e-10	1.0000008929113274e-10	1.000077160187913e-10	2.1004780830153544e-7	1.0000144331232382e-10	1.0000000468291794e-10	1.0124426253049411e-10	9.65691773612651e-9	1.0044742818226801e-10	1.1705180228924008
1.000000085038472e-10	1.00000000194532e-10	1.0000007387133347e-10	0.5242338066577733	5.2149191741365273e-8	0.48714092138017684	1.0000000096029847e-10	3.0666440019029677	0.5628642564667338	1.0000062977868496e-10	0.5302549676796837	1.011898875543383e-10	9.596331356809115e-9	1.0369501779043176e-10	1.0000000394904664e-10
1.0000000639306935e-10	1.0000000187957167e-10	1.0000000000001488e-10	2.4532171368445248e-9	5.219268990903203e-8	1.0280896948015027e-10	1.0000000073313689e-10	1.0000245408941787e-10	2.187807829294915e-7	1.0000090136563677e-10	1.0000000000000139e-10	3.357314666783293	9.49636498474713e-9	1.0382647162849275e-10	1.0000000236268674e-10
1.0000001302771731e-10	1.0000000090695802e-10	1.0000000000000494e-10	2.4579612672778674e-9	5.218954170181624e-8	1.026566667129506e-10	1.0000000010248367e-10	1.0000174155140552e-10	1.95912747561967e-7	1.0000088922279465e-10	1.0002501868131354e-10	1.0303217501836881e-10	9.539188137234643e-9	1.0167769366208777e-10	1.0000000026489242e-10
1.0284061541520093	1.1003322654712742	1.0000000014177597e-10	2.386443921246072e-9	5.2200805817156937e-8	1.0266913362708753e-10	1.0000000000009766e-10	1.000361109408058e-10	1.1226494664165487e-6	1.0000100835117166e-10	1.0000688112940761e-10	1.0532766960611465e-10	1.1004388001698329	1.0114866325407711e-10	1.0000000055256489e-10
