4.5928544215156234e-5	1.0000607749272584e-10	0.0981881532874588	0.1018411814632111	2.0292780537631764e-8	1.0151036024929928e-10	5.902389691650912e-8	0.10183380653213063	1.4732221817952765e-7	1.0213562229697908e-10	1.0000299687216984e-10	2.675415802828151e-8	1.0000487503762039e-10	1.0000048738778384e-10	4.487669416730989e-7
8.460282319855487e-5	1.0000615059941047e-10	1.0000000003516366e-10	2.8744319794189946e-9	2.030215111171665e-8	1.0147966454610629e-10	5.901847474768805e-8	1.0277477096072694e-10	0.1133778908895475	1.0000194445342446e-10	0.08300395304712477	6.803596661735918e-6	1.0000119724857374e-10	1.0000170644309401e-10	4.491257854721007e-7
8.247981397827078e-5	1.0000837522575506e-10	1.0000000007758803e-10	2.8750921354110405e-9	2.0297007515575047e-8	1.0144359499546527e-10	5.9019294776999464e-8	1.0270801791962596e-10	1.1644274360818484e-8	1.519551343691074e-10	1.000112049290604e-10	2.6795829520691914e-8	1.0000122002278426e-10	1.0000860627053605e-10	4.4744731219495283e-7
5.809670819331726e-6	0.04033309237653122	1.0000000001940666e-10	2.8728056450151015e-9	2.0297246393985287e-8	0.05099217871448817	0.050993216664890165	1.027186340492841e-10	7.958211612509872e-7	1.0244042240033544e-10	1.0000402911615355e-10	2.672379958128696e-8	1.0000027035121965e-10	0.03454099164561638	0.03328608777845513
2.5864853121580347	1.0000603252179075e-10	1.0000000022244496e-10	2.876887712663942e-9	2.0300111199974743e-8	1.0148641489964397e-10	5.901708473306539e-8	1.0273498559573477e-10	2.386877308868489e-10	1.020713181359183e-10	1.000069365159819e-10	2.6658573636700747e-8	1.0001430126806448e-10	1.0000230276652044e-10	4.4650645800262544e-7
0.000604468608219898	1.0000958068824488e-10	1.0000000014842097e-10	2.874146632051615e-9	2.0285257601429344e-8	1.0147537256392654e-10	5.898210515348099e-8	1.0266093240553472e-10	1.99418040380765e-6	1.0224987602695407e-10	1.000072229760958e-10	2.6359553389649822e-8	1.000000000000433e-10	1.000009004827816e-10	4.5065478885089736e-7
6.0391321115662596e-5	1.3727684775202878e-10	1.0000000377124787e-10	2.8745197279786902e-9	2.0301762032467467e-8	1.0147914938239802e-10	5.900519701868441e-8	1.0272815929135234e-10	2.8595798799290093e-8	1.0119621017705791e-10	1.0000556876260353e-10	2.6582137531206092e-8	1.0000298817479153e-10	0.059897216959253846	4.4644161755358093e-7
4.5468679987777503e-5	1.0000698186726657e-10	1.0000000023546281e-10	2.8757639614549762e-9	2.0284386928133608e-8	1.0146189449126852e-10	5.8998280457640665e-8	1.0271310976509234e-10	0.00018671623525732888	1.0001260926974104e-10	1.0000328605538483e-10	2.6598887365235147e-8	1.00000008461334e-10	1.0000157801042839e-10	4.5713943217448136e-7
1.1771899650808417	1.0000552005999175e-10	1.0000000011533952e-10	2.876788446746005e-9	2.0297921847897568e-8	1.0148785856530485e-10	5.902119479326883e-8	1.0271092801530869e-10	0.05963776163803026	1.0118917434552287e-10	1.0000051547052543e-10	2.6907510630193358e-8	1.0000008402745922e-10	1.0000057003266922e-10	4.36574619555327e-7
7.053713734906981e-5	1.0000735061902503e-10	1.000000000243332e-10	2.8762202704602528e-9	2.0310694306345004e-8	1.0147113163659816e-10	5.898512754899134e-8	1.0270736302536955e-10	3.956233290519605e-9	1.009703206504855e-10	1.0000595146671987e-10	2.6823019881227926e-8	1.0000056172501375e-10	1.0000052151792136e-10	4.469737116072796e-7
0.8824599646264149	1.0309464040299028	1.0000000004365251e-10	2.876923041170311e-9	0.9988933097435012	1.0151785463044536e-10	5.899359464722013e-8	1.0289582019345646e-10	1.0392354048196975	1.0258988038368071e-10	1.0000410303734412e-10	5.551716750667959e-9	1.0000000398328415e-10	1.0243912509707993	1.0138410234279331
0.4307463393325451	1.0000589058760953e-10	1.0000000007365091e-10	1.024913263035771	2.037349178247075e-8	1.0148844586642453e-10	5.9033630962808884e-8	1.0274514400831485e-10	6.6965684041118055e-6	1.0129633945220266e-10	1.0000586709241773e-10	2.6653734407924188e-8	1.0000032121107337e-10	1.0000097109599179e-10	4.463937538708458e-7
9.141053698683001e-5	1.0000568272052371e-10	1.0269085377330165	2.8750902874381084e-9	2.0302567132177186e-8	1.034178511604388	1.0250356967106733	1.0247405127943512	3.7354119847721524e-7	1.0244178359224427	1.0297407212336906	1.0103727546606036	1.0191989811407831	1.0000373606714709e-10	4.5016525055183925e-7
0.5225980904554206	1.0367039186461793	0.0009454897629298879	2.877171965882821e-9	1.0379131354196585	1.017293904295682e-10	5.9042705789324344e-8	1.0267025193884244e-10	1.0362988281944796	0.001018961491915252	0.005118360060903294	0.039432235343660006	0.03962798413281219	1.0332231110712327	1.0326938736265603
6.545531194440744e-5	1.0000620169968999e-10	1.0000000003893521e-10	1.0259298375948356	0.028560561141435396	1.0151585604528116e-10	5.900278860244007e-8	1.0263499275594422e-10	1.8508072330930217e-7	1.0191409879621148e-10	1.000005601027759e-10	2.6530328562831535e-8	1.0000000000033854e-10	1.0000289638403567e-10	4.4598188259248877e-7
8.924929802205758	1.0001008710227181e-10	1.0000000003279755e-10	2.8754308887241693e-9	2.0308054180885348e-8	1.0134441204792675e-10	5.901697395480178e-8	1.0267376625973718e-10	7.787930533559602e-8	1.0000026161407232e-10	1.0000569205058205e-10	2.6543913199852214e-8	1.000004926242725e-10	1.0000179563305781e-10	10.255144718143189
9.169009789770895	1.0000564476113834e-10	1.0000000026821421e-10	2.8754784491502018e-9	2.030297986198289e-8	1.0148764992407842e-10	5.902000429018246e-8	10.214706196170797	10.46744082761945	1.0073117650938084e-10	1.0001814186466158e-10	2.686837931707998e-8	1.0000239425766535e-10	10.399823734362442	4.471432581435726e-7
9.203496666313851e-5	10.184505911622793	10.248108852296387	10.22656265579303	10.300148625180878	10.185176117923245	10.226247526081234	1.0271913699294986e-10	9.469174697804532e-8	10.221659092943687	10.188639052129894	10.276070300629186	10.23205463092264	1.0000313304486194e-10	4.4831688568794847e-7
9.567596007359276e-5	1.0000959411184423e-10	1.000000003375845e-10	2.8758058317148054e-9	2.0293372445466685e-8	1.0150673235569809e-10	5.902065328916042e-8	1.0274342660273663e-10	5.988844056290146e-9	1.0170568235813739e-10	1.0000234364039601e-10	2.6662599964966598e-8	1.0000492117326978e-10	1.0000232278893239e-10	10.156803532106904
8.391984280016158e-5	1.0000517645197042e-10	1.0000000002586016e-10	2.87665275491607e-9	2.030302151090238e-8	1.0145174702108781e-10	5.9016110282780705e-8	10.22528897711308	9.878782563162746	1.0166135583854486e-10	1.0000615761048109e-10	2.670779972612259e-8	1.0000291298205108e-10	9.809777683517837	4.5280090782181417e-7
0.05237495898144713	1.0000660652323488e-10	1.0000000004160188e-10	2.877154971448136e-9	2.0304068926361735e-8	1.0151466136977235e-10	5.899074518613436e-8	1.0280156236080893e-10	0.035505435588577855	1.0392622737698393e-10	1.0000233876827586e-10	0.016982945026044766	0.017265287755770953	1.0000052731706016e-10	4.531793572398248e-7
9.587675955401792e-5	1.0000615021934763e-10	1.0000000030180051e-10	2.8757281726858243e-9	0.03282195301535593	1.0148818140177994e-10	5.901569681776065e-8	1.0272271102362732e-10	8.853521087042024e-9	1.0144389830040827e-10	1.0000507412725639e-10	2.6785924529815977e-8	1.0000197818198323e-10	1.0000198543816281e-10	4.5951004799696527e-7
7.130551693311984e-5	1.0000410891040997e-10	1.0000000010518906e-10	2.875105387295346e-9	2.0297817290563246e-8	1.0146269888795796e-10	5.900563777945031e-8	1.027408266073318e-10	0.01256872448792187	1.0127480078395596e-10	1.0000403094343046e-10	2.639610959364676e-8	1.0000017976004602e-10	1.0000163276112197e-10	4.4627662524855005e-7
4.961257540132323e-5	1.0000598955311159e-10	1.0000000002121925e-10	2.8773149834173417e-9	2.0316101240780286e-8	1.0142259711743406e-10	5.9003768288851816e-8	1.0270699865081432e-10	3.3408832087535385e-7	1.0191087666641239e-10	1.0001065320416341e-10	2.6460076097534816e-8	1.0000245404375231e-10	1.0000158196900836e-10	4.3271459692228273e-7
0.004299103872547706	1.000041739938901e-10	1.0000000647553814e-10	2.8767864310616156e-9	2.0309207838973624e-8	1.0151310214681478e-10	5.899347668051008e-8	1.0273156831367598e-10	5.351029201780013e-6	1.0026042370588652e-10	1.0000275691604183e-10	2.651260915506191e-8	1.0000004706347918e-10	1.0000283073548588e-10	4.451246365410216e-7
0.00010063788630180164	1.000066676460935e-10	1.0000000015096151e-10	2.877179006914307e-9	2.030060935517955e-8	1.0146175192158694e-10	5.9018508443065044e-8	1.0272366401470267e-10	7.284094743135201e-8	1.0022219830696871e-10	1.0000746368623537e-10	2.651174947156883e-8	1.0000008078233149e-10	1.0000136178796664e-10	4.3259400850097045e-7
7.916571764936851e-5	1.0000622416592708e-10	1.0000000282224058e-10	2.8761218027170484e-9	0.11121267210565683	1.0146405741347114e-10	0.06779215603665466	1.027009255199544e-10	2.008893850470521e-10	1.0135972220363537e-10	0.06770864646388285	0.06783488965277736	1.0000057862500422e-10	1.0001515752775493e-10	0.06780151800748033
8.472859340902704e-5	0.13532508072878174	1.000000002106702e-10	2.878083302254558e-9	2.0276916216010005e-8	0.1353240189219307	5.901784968252358e-8	1.0268547668449235e-10	1.487467602779403e-10	1.0216777545099104e-10	1.0001012245375775e-10	2.661040073468684e-8	0.1354176059721561	1.0000039658346451e-10	4.4753706680621416e-7
9.208385860458217e-5	1.0000154029175388e-10	1.0000000026619805e-10	2.875391325135168e-9	2.0303188901837905e-8	1.014550224451141e-10	5.9020440270938155e-8	1.0278410420238825e-10	2.3702781589938127e-10	1.0115923014607756e-10	1.0000561992247507e-10	2.660722343541256e-8	1.0000023076825157e-10	1.000023010927548e-10	4.425460783560243e-7
3.918076221796059e-5	1.0000637512841044e-10	1.0000000002138907e-10	2.8749132151185332e-9	2.029769229247802e-8	1.015304967074211e-10	5.902085078732156e-8	1.0265916382614653e-10	2.002619091892968e-6	0.13556887757415284	1.0000559051830428e-10	2.6693537293517657e-8	1.000000334581595e-10	1.0000457488973817e-10	4.480761799738414e-7
