0.9547139224215595	0.9070522715874609	0.9739630695929055	0.9556334754439011	0.935439555158205	0.9183257235883231	0.954672622468175	0.9193289771726626	0.9079619945232343	0.7718489145421795	0.9339355084364844	0.9178398157600512	0.915423574766481	0.9310015498537626	0.9667075325001057
1.4019206555988144e-10	0.00022661840437818593	6.610898672966291e-5	0.0005859730333107909	0.00015491352460710213	0.0004485921044473894	0.00010183024052246767	0.0003436315736389981	0.00020800135614071122	7.345484540009328e-6	1.009483185056071e-10	2.0423516365424312e-7	1.7605191016586857e-9	0.00010871824732208464	0.00010108448481229983
1.0009214464205247e-10	0.00014947493191362464	6.453514094599205e-5	2.0511364730647588e-5	9.32763534005961e-5	0.00023021478541477953	6.558451138514426e-5	0.00025115783202819705	4.194104597926709e-5	0.00035767899494793025	1.1079692535721316e-10	1.2896738857985187e-5	2.790745640514276e-9	1.0568299177387058e-7	9.11506021172579e-5
0.0075994977972522176	0.05094397818201944	7.24066198874819e-5	0.007487675702694531	0.025059830158650386	0.04694922360873006	0.015047115174109865	0.047464602003329484	0.060903330577017536	0.0826744001222038	0.043715725789773195	0.04461462397291241	0.049819942441174755	0.022718640504338895	0.0007938907350339514
2.1638682509768176e-7	7.442203682175874e-5	6.393852673823575e-5	1.1838811709449544e-5	3.566761651476523e-5	0.00011414634320799822	6.207803181362454e-10	0.0001409613501669911	1.872370941922735e-6	0.00014575201443368124	1.0215702176607288e-10	1.5223983286479091e-5	2.0173165508031537e-5	4.250065293205246e-5	9.932664600093298e-5
1.1023581911464891e-10	9.05874878375938e-8	2.7157201608196332e-5	6.450121040776664e-9	3.3475056496454003e-6	2.5049262656859436e-6	0.0011203919802854688	4.273162408750861e-6	1.1147194137439586e-10	2.0195824701817715e-9	1.0397674867123746e-10	3.473690999560476e-7	3.141546790468181e-9	1.9888760682475866e-6	7.845730599016752e-6
1.0522897572070321e-10	0.0011780883642332374	0.0015544471351000232	0.001994169813598943	0.0019814167275817173	0.0013277269684251532	1.099312153645351e-10	0.0015067755011321418	0.0015036908016592002	0.0033008633067730772	1.766085365224156e-9	0.0012918937010087937	0.0017696339806423944	0.0024939013779025215	0.001751130926645698
1.093373561615984e-8	7.981328691940186e-7	2.7647653222021824e-5	1.799464804138909e-8	4.63242493894773e-8	3.3134019660378357e-6	1.5982292712755845e-10	6.266659170371359e-6	4.208152942666059e-6	3.146061242172758e-5	1.1557661953340575e-10	3.578792268730639e-7	2.120868503552855e-7	3.4621963174858477e-6	1.1455503645890092e-5
5.1293606513894546e-5	0.0030809312647338324	0.000750549508136828	4.92358247989713e-7	0.002115645374368185	0.002904003796334384	0.0005715728673954272	0.002870639897809064	0.0018423067347982588	0.0013904536148651927	0.0032682053299921995	0.0028160911354201497	0.0025242670109218487	1.363998744274053e-6	0.0014501907391375169
1.408311466226502e-10	5.142977603195954e-7	2.9373403826918755e-5	2.3185779606447488e-8	2.8382195519100255e-7	4.891235462021105e-6	1.4209149016600434e-10	1.8522628215946297e-5	3.579687361435757e-7	2.362021485321757e-6	1.2849300606807112e-8	7.712491340104064e-7	9.503747700785921e-8	1.4930042835593927e-6	9.070815710698126e-6
0.0023001774554106784	0.00033367251328832544	5.8716382865079665e-5	4.464729292398924e-7	5.4999529316753765e-5	3.622926918966892e-5	1.1138810654410111e-5	0.00048735146622039515	0.0005814744977431392	3.034027664536753e-6	1.037257145096061e-10	6.662057274444675e-6	2.9959465998071065e-6	7.856992008978596e-5	4.715352093776359e-5
0.0005608639141484412	0.019873910936266396	6.742819281915988e-5	7.392585084603038e-7	0.009385554645561213	0.015520796393206183	0.004577585032883861	0.014542255381000879	0.018779055491288166	0.020784036540933446	0.00999109619571104	0.016412920794941832	0.011451861977926518	0.012471545237719397	7.716065028091919e-5
0.9917473471238062	0.9807630687987392	0.9890775708983535	0.9892322517842246	0.98547909120216	0.9850363595964278	0.9934591822293837	0.9868421439810569	0.983839378081692	0.9720518563770331	0.9892341348000906	0.9837666647457286	0.9899342617557841	0.9813673636461523	0.9879375120054871
0.00022372852510138216	0.004741181888422031	0.010855684098289256	0.013469722244908363	0.009636205127436357	0.002817380207976724	0.0015390844602303573	0.0010404546111943771	9.572989741682547e-5	0.023360029271370354	1.4565214020131428e-10	0.003821124793100181	3.365541254465611e-5	0.012408317486991827	0.014393775577468019
3.368479442961533e-5	1.135876829513984e-5	6.0452280285501585e-5	1.6877071819006028e-7	2.4409607725925806e-5	6.425689816875497e-6	1.9425897114877883e-5	3.846357999432298e-5	5.820501645450481e-7	6.479953155829953e-7	1.4321679324124296e-9	1.5316634775600458e-5	4.496124722523489e-7	5.1943562517919134e-5	8.467942891701114e-5
1.1648696554734204e-7	0.004814431985255672	6.717474722749141e-5	0.030223646955794155	0.0017152324200512762	0.008655855140363532	2.822402283310678e-6	0.0024422967504852022	0.04829684235587613	6.498990734185067e-8	0.002422468485752925	0.0012602132383516419	0.007521015736795959	0.028709160640320572	8.762234390589466e-5
3.2765299949851704e-8	0.0037876657218381894	6.708421730080658e-5	0.051369098583616754	0.0006145905183723804	0.0031678067772235694	0.026708164240407457	0.00033164872651790094	0.026404066497688207	0.09097274304392919	0.01146162983648666	0.0010469367080226208	0.017426357351381285	0.026398873858423492	9.181842088020996e-5
2.9156768317614246	2.8915370657101036	2.914614143776449	2.8742130556833843	2.9115055073542027	2.899935253050183	2.917369294772323	2.911429616463065	2.8696760838529602	2.8720181056030114	2.893553245918188	2.8993501729303124	2.903679534005755	2.878309109935364	2.9161563376948902
4.210044820954684e-8	4.1907902667444064e-5	6.0562632777627165e-5	4.1755380897244917e-7	4.608519188577395e-5	0.000125622407841162	4.6469084907370606e-6	0.00016079390199181487	5.8975061255435454e-5	0.00026576126951424327	2.5846100031795026e-9	1.5313637498153473e-5	4.7605170791241736e-8	3.2968549155049542e-6	6.620531337319279e-5
3.809364538360818e-9	3.484224900166116e-5	6.0614889190869874e-5	5.525792886436501e-7	5.3625987544247206e-5	9.150083768180358e-5	1.0993301680148997e-10	0.00014375607391609336	2.3233891552307045e-6	0.0002657517288940719	2.0095907101525593e-10	8.746075261789081e-7	8.01876464316709e-6	9.2641633124056e-6	6.505349760079831e-5
1.1006591308584292e-10	0.00012423299086202757	4.9400446321436164e-5	1.0055511571177433e-10	9.198417814514632e-6	1.0137669800185576e-5	1.6473981506448655e-8	6.663171030312756e-5	0.0002664720755733046	9.223848715981669e-6	1.6125685232467509e-9	3.7667780245426664e-8	2.985218074324028e-6	1.908061356406647e-5	1.6701471789357915e-5
2.2588615907998815e-6	0.012024620734181994	0.009399858079031912	2.883848444469865e-9	0.015317936228333143	0.013529436973135309	2.162889238972341e-10	0.015394285844290196	0.00413964111888041	0.009839902210200058	0.009302591347863914	0.012809500533320407	0.013723853961113626	0.0020693833011391173	0.013912056253880452
1.0525652658470458e-10	0.006644864279382067	6.377096497960017e-5	0.0017222646338996754	0.0002348427892631815	0.0031888732770264756	1.8938206462081857e-8	0.0010102504366651336	4.068442349083479e-9	4.804337612347572e-5	0.009741698114092484	0.005024575619806717	1.0789190203845888e-10	0.00011872108633892733	2.8380583678720535e-5
1.075828348243746e-10	1.0412353105923152e-5	4.81262102955651e-5	1.594119767004014e-7	4.14729554897432e-6	1.2755499283722475e-5	1.9870516144000154e-7	1.6464386486910055e-6	2.7608931976604196e-6	0.005232705339021321	1.0384804168128554e-10	4.105683122338949e-6	4.240296757145223e-7	1.998123443043034e-6	3.0562811840070684e-5
1.0089629015815888e-10	1.0949400696636964e-5	4.607044842324031e-5	1.4448505746494365e-7	4.311611834661639e-6	1.645870530967129e-5	6.892819354761342e-10	5.998843246377632e-5	3.6006431772136566e-5	1.4203473316590817e-5	4.514741539758213e-8	1.0237794771296093e-10	1.0001573574800072e-10	1.4291955171122848e-5	2.5637064874931316e-5
1.2610750830833442e-6	2.519945490656587e-5	5.667144363704158e-5	1.4931736584183162e-7	3.0046151411875517e-5	5.962683318670799e-5	3.953926081879894e-6	8.45484723864821e-5	1.7695725931149783e-5	0.0001750444069922842	3.0349975784782034e-10	1.263750671367297e-5	1.611328164921189e-6	4.719866418467523e-5	4.955134220206872e-5
1.773535712761391e-10	0.00011472643587450255	6.024181394736461e-5	3.29122106067941e-7	9.673197880630942e-5	1.2094963888432766e-5	1.472167837822069e-10	0.0003977571482109348	0.0006261407832890243	0.058372261045058306	0.0014806970017660548	4.626449627936809e-6	0.0046046608242271215	3.077148814892143e-5	5.750904528604189e-5
1.241360028206293e-10	4.912678634461752e-5	5.9800889519909184e-5	2.6812365075047045e-7	5.148607334828814e-5	0.00010843907563270288	3.0911289444074464e-10	0.00015466023165332417	1.0821415379687007e-10	0.0020196134630533443	1.5100774382518166e-9	1.727751247719634e-8	1.1940813570381775e-5	6.439114779990289e-5	5.876843825631222e-5
4.2880291143037193e-7	7.046696540898683e-5	6.110158776983168e-5	4.165824880926772e-7	8.438909154050676e-5	0.0001590716435406706	1.2314260487401295e-10	0.00028099145902539335	8.807450103313597e-5	0.016597332471170696	2.5347186513099093e-8	1.4563739302994572e-5	7.82592105080746e-6	1.987071837747958e-5	6.230901348207681e-5
0.0537945036842813	0.00029969876288139184	6.487487302567109e-5	1.8969626212067108e-6	0.00022981752353113684	1.3123873405972976e-5	0.0071438560613881754	0.0011603944897992827	2.326523555194562e-6	0.005945356502341736	8.774652537384842e-9	4.5909685725923036e-5	0.0001804099372134631	9.077587225911809e-6	8.132830086137054e-5
