0.01862966139207009	9.05472409197911	3.201125164815997e-10	1.0683438059137395e-10	0.0001021643246587831	0.00010834435701556601	2.5140859516260442e-5	1.0000548319892861e-10	9.292496797314387	3.109800830121947e-5	7.754609304590081e-5	5.02634031607282e-5	1.0000020243753648e-10	0.00011464999824451112	3.3794664565535905e-6
0.00014199305217344312	7.121192895221846e-5	1.5188746266948576e-10	1.367022717436954e-10	8.277104095298618e-5	0.00010921708017025618	2.536800332102966e-5	16.096217561268595	1.000318974401668e-10	3.164435425198662e-5	7.682619269785747e-5	19.354610501777387	1.0000071441485649e-10	0.00012463211370051586	1.5660917245945077e-5
0.0003317842637715895	7.585851335770871e-5	1.0022484810844816e-10	1.5425550961238919e-10	8.217950323035787e-5	0.00010968384336703779	2.5329851206117694e-5	1.0042067571142601e-10	1.0000041052229375e-10	3.409956147385201e-5	7.670334132075164e-5	4.8823245269913784e-5	1.0000001998557925e-10	0.00013406326740072485	2.1913050219872157e-5
1.159952851280971e-9	7.559567974955326e-5	1.3493914730112056e-10	1.0280931490704677e-10	8.533621996704157e-5	0.00011154194563728554	2.4323236551758898e-5	1.0000538351792562e-10	1.0000290932578092e-10	16.571374253015094	27.761613150200205	4.831577948895759e-5	1.0000009201056735e-10	5.992644592412558e-5	0.002883735897093708
4.7140261934840916e-5	7.763488131911482e-5	1.0004996899729766e-10	1.3280869044689654e-10	8.270751840110268e-5	0.00011096510458149148	2.4724329233897468e-5	1.0000866965458027e-10	1.000001117360972e-10	3.2248893833153794e-5	7.592565553075708e-5	4.8257473187528645e-5	1.0000046066002832e-10	6.391996552714146e-5	1.0907020615829774e-5
4.467640265276248e-7	0.0008461374947508445	1.1389195529156522e-10	1.2784617879966528e-10	3.766999061512811e-5	0.0004576160100022666	6.6250153452103015e-6	1.0001171260483053e-10	1.0000368569044135e-10	0.0021383261019708648	1.4176344900314297e-5	1.0814298584502833e-5	1.0000001557611615e-10	1.6693075702170818e-6	1.2671802076011405e-5
4.977451827766415e-6	3.948136744582949e-5	6.531869660026358e-10	1.0010645652800427e-10	9.122725845084532e-5	3.9118924756603156e-5	2.536641567920876e-6	1.0000492780968097e-10	1.0000654324901483e-10	0.00010765154410608861	7.515110898069038e-6	9.351745533229624e-6	1.0000027166704036e-10	0.0036915154582610014	1.2677216665594527e-5
0.00010678195373317029	2.04368699521896e-5	1.3259181904502587e-10	0.002171189379365796	0.0019438537497944452	4.6043772008399034e-5	0.0004621055892363194	1.00001467068561e-10	1.0000539350590579e-10	0.0013093114527517016	3.0419300643059535e-5	4.4186467890720885e-5	1.0000005590830977e-10	0.004588840800673911	0.0017935781045568635
6.298769580704054e-5	3.1531545518018502e-9	1.330530021290823e-10	1.0021010342557313e-10	8.525245138591826e-5	2.5125145327259342e-5	5.966308178229048e-6	1.002400108110436e-10	1.0013047265261805e-10	2.3457496604888837e-6	1.0559937732855496e-5	2.610343570425408e-5	1.0000007157741493e-10	0.009515558154240633	8.904629147819188e-6
7.806129507391071e-6	7.92898919543097e-5	1.1960378420305665e-10	1.0641962118595266e-10	8.528049730159594e-5	2.5270384346819535e-5	6.23127548969609e-7	1.0000383716688338e-10	1.0000490280882205e-10	2.260717706754346e-5	4.672292921220818e-6	7.94211480255956e-6	1.00000000074516e-10	0.0009045331732516211	3.032785394156858e-5
0.38810304608994256	0.0008729299460482993	2.3049130756775344e-10	0.24241697140178387	7.501653843364515e-5	0.6336682946038592	4.579170759959455e-6	1.0001784024042027e-10	1.0003611645261042e-10	0.770933925932663	0.6837045851625111	1.008808735289662	1.0000001059150828e-10	0.008259182776616138	0.8855553068488581
0.3217286113231738	0.03882815081402271	0.7402624955326762	0.005822108417116366	7.934703034240234e-5	0.3340420990680281	0.733684515321854	0.7433172876401919	1.0000677294552385e-10	5.570538202461163e-7	8.466566593987959e-5	0.7435284278127602	0.3137308301080935	0.0007513774703486474	0.20277404452831674
0.21521795679466005	0.9717822730671737	0.16939827882291486	0.8254885056582526	0.6091517751031762	0.00010952862486773352	0.16881469869904248	0.8149663891188833	1.0165216609133847	0.11444422513807596	0.00011460555934873196	0.02084277927584104	0.6079691266734071	0.5688848871592154	6.490543309725721e-5
1.1104060632238588	0.01302567362991128	0.7432482539343531	1.0049325737194328e-10	0.7369967478720744	0.9704016177661784	0.7457933088872266	1.0000161144401805e-10	1.0000168631624448e-10	0.013685050044926194	7.501829780091439e-5	0.7971381715530556	0.7428390007782083	0.13768919148978426	0.8164689335330806
9.57353504727935e-7	0.0302202668650749	1.3005615856463853e-10	1.0008024519252662e-10	8.147378978831522e-5	0.00010889337655926131	0.0016129246080372015	1.0000689020139173e-10	1.0000032873082985e-10	1.0502111143590138	0.0476648559152044	1.0130244033045278e-5	1.000000527077244e-10	0.1259863410975211	0.0032123427245237565
4.19368444007919e-5	7.103968735286277e-5	1.443569785205802e-10	1.0158719463968347e-10	8.020416743016096e-5	0.0001073748759631308	2.4148293482634892e-5	1.0130299991775219e-10	1.0000087945190328e-10	3.38370884770557e-5	7.634901127798073e-5	4.849805575744572e-5	1.0000002860733709e-10	4.104672261111057e-5	2.286814872519595e-5
0.0003415746037144819	0.00011137232322213512	1.0578855202094273e-10	1.0042697327442813e-10	8.024479635633451e-5	0.00011228565866664685	0.00034963509657978713	1.0000657467527215e-10	1.0000140148739647e-10	21.049554273894447	7.861832041804744e-5	5.351579862203148e-5	1.0000011058108562e-10	3.190095935985077e-5	3.526540965486179e-5
5.834923643211729	9.330645260244307	7.136947065451468	1.0014035914096256e-10	7.962885674714724	8.142485002322402	6.821604607962254	1.0000028127954024e-10	9.519907411530193	3.315951668927439e-5	7.701652652750733e-5	4.870273110570153e-5	10.173456154629202	5.789537625446985e-5	2.2854593700961452e-5
1.120406998827445	5.877020049019121e-5	1.1148079525388055e-10	14.798722231315088	7.995170288949794e-5	0.00010591052614537901	2.4350791516298395e-5	1.0000500705808935e-10	1.0000110924035976e-10	3.187430346363285e-5	7.74318975921713e-5	5.0562682716635796e-5	1.0000000474701707e-10	0.0001893070000738393	14.021698271964638
0.00012128890000094258	6.834997079479532e-5	1.2499995927629938e-10	1.23756013765173e-10	8.002368003931394e-5	0.00010482491267642346	0.004013292657031895	1.001168849235418e-10	1.0000914082347358e-10	3.271604027109684e-5	7.527164597674275e-5	4.579113613025949e-5	1.0000009606300493e-10	0.0001906023914918143	4.94699590488333e-6
0.01119222980809645	0.000669721112752866	1.0170599908280255e-10	1.1210600944996836e-10	0.00011322165657726228	8.720337746533611e-5	1.5625662295957253e-5	1.036974234262557e-10	1.0000098141995985e-10	4.9133822403255385e-5	5.0414291655872226e-5	0.0004412698478652708	1.0000051033404357e-10	9.431903792719954e-7	0.01819182145320766
0.0004019582539596835	0.00014533095823475862	1.0891909525529157e-10	0.18827414701971923	0.1952138288919291	0.00012806660385088656	5.95742658677067e-6	1.0000782792089275e-10	1.0000125576871652e-10	3.9957748286044695e-6	0.1450822996911567	0.001713993733051822	1.0000016103000455e-10	2.455584252090211e-7	0.08285944219656226
0.24154697477524795	1.0264411332110017e-5	8.47099339113439e-10	0.11509415431298864	0.017861651344819093	9.277912630712507e-5	0.012110256830830094	0.2807625920618063	1.0001274175400078e-10	1.8135179532590503e-5	0.10666890134452367	0.2816667126918618	1.0000000443466994e-10	0.3907206038162221	0.19487798440286389
0.00010253561019065311	0.00012605235345861167	2.492276540803047e-10	3.0035706965209384e-10	8.579792639604549e-5	9.597628753924155e-5	2.2957817436416188e-5	1.0000687640817974e-10	1.0000104994710012e-10	7.249502096040212e-8	6.483169789484125e-5	5.8953694225521365e-5	0.21804753399637594	4.024110076188744e-9	2.66109931490779e-5
0.00018255040149460554	2.535534405896698e-6	0.21757170755426067	1.002358393588471e-10	8.092268240374871e-5	7.680042307165014e-5	0.20836552983060924	0.2233648189261025	1.0000010732005542e-10	1.1708103918089668e-9	6.048186338518944e-5	0.22461276734927965	1.000000599865329e-10	0.0001131871988361492	6.048450278490648e-6
3.2342200749568843e-6	7.465066559686041e-5	1.2181263032625536e-10	2.098263937720531e-10	7.777722855091284e-5	0.0001022469759571979	2.5296285999178038e-5	1.0067819251728979e-10	1.000013598158757e-10	18.315915002135572	7.809325566321918e-5	4.870031306377698e-5	1.0000000392496706e-10	0.0001247973395156642	2.112719579810134e-5
0.00016094473945713221	6.828716571894634e-5	1.2380044621098952e-10	1.0526446669701468e-10	5.510243663248926	0.00010247692364699694	2.5667483800182225e-5	1.000074335814771e-10	1.0001255821439031e-10	2.939119312117627e-5	7.83073945508323e-5	4.6197884134702135e-5	1.0000048001786074e-10	0.00012488089916201843	1.8298001982895436e-5
6.59034073792849	7.723964178004146e-5	1.7783298164926482e-10	1.1218610546806065e-9	8.04920430716313e-5	0.0001041758741473416	2.7829692608387408e-5	1.0170591318751193e-10	1.0000992206266063e-10	3.0586217711142207e-5	7.818616331954887e-5	4.809292408684523e-5	6.934102633820124	0.00011089112867863504	2.076857287029334e-5
0.00013303043350177383	7.46674956661745e-5	1.5991816586719454e-10	1.0570431655592603e-10	7.962989161799754e-5	0.00010545845674826043	2.47507009260105e-5	1.000041984750839e-10	1.0000377740112106e-10	3.27473689988619e-5	33.747239808916	4.8092919703742335e-5	1.0000028961356312e-10	0.0001343042104810637	1.5443825225335068e-5
3.895769757279836e-5	6.90541625197224e-5	1.0785141471680049e-10	11.974280373556057	8.708625160090546e-5	6.606186704883783	2.4623097314040433e-5	1.0004986653116635e-10	1.00004931761583e-10	3.184991984810351e-5	7.710406649723671e-5	4.749690712363938e-5	1.0000002706252829e-10	73.02334508608376	9.086839926987878
