1.0105765531148929e-10	0.000104307041013165	1.0000000127166008e-10	9.503960810597925e-5	1.0094214933664861e-10	1.0004458261905511e-10	9.194112412045898	1.0000000000000529e-10	1.0133982671199009e-10	1.1065642549109928e-10	1.0000000663589344e-10	13.62545936160648	1.0000071522935354e-10	9.405350143538568	1.0587610513759849e-10
9.731138506253203	0.00010341097700119928	1.000000028530348e-10	9.877362321531286e-5	1.009106264641149e-10	1.0000002205024598e-10	1.0000000196234174e-10	1.0000000000011471e-10	1.0115622680328954e-10	11.49929282849827	1.000001592824489e-10	1.0121688586893509e-10	1.000490002825316e-10	1.1421245846136361e-10	1.0025503968542607e-10
14.35446856841645	0.00010639331747857983	1.0000000323151924e-10	0.00010507676308618623	1.0093359637062043e-10	1.0000092087840948e-10	1.0000000042969998e-10	1.0000000000022413e-10	1.0146411457984149e-10	1.1270416808347436e-10	1.0000000627025878e-10	1.0156206129751986e-10	1.000011328504912e-10	1.0157281340610868e-10	1.032484624096295e-10
1.0071886771529035e-10	15.448529690334418	1.0000000087331703e-10	4.694786478453807	1.0093601012177218e-10	1.0000204263680456e-10	1.000000012685376e-10	1.0000000000003336e-10	1.0142663658547451e-10	1.0011211805573514e-10	1.0000000032130774e-10	1.0139894667235479e-10	1.0000259976544847e-10	1.0153881204491132e-10	1.5511427419989277
1.0247828868091582e-10	0.00010141830607841633	1.0000000106990963e-10	0.00010985575600968804	1.0093002094795859e-10	1.004392434585505e-10	1.0000000016790583e-10	1.0000000000000494e-10	1.0120287535944859e-10	1.0680612525927883e-10	1.0000001163656612e-10	1.0107155142463701e-10	1.0003589391036675e-10	1.013424881274512e-10	1.1369341219142255e-10
1.0082849667972987e-10	0.0004005971316855504	0.0021572700201070586	0.0027358080114331645	0.004211804998794962	1.0034024493353335e-10	1.0000000221036983e-10	0.002157296213487703	0.002236609458296263	0.002325270482413699	0.0012955703010147646	0.013803042303601352	1.000468364093144e-10	0.0018224429324329272	1.0808755273222985e-10
1.007511560044886e-10	0.00029075326393582067	1.0000000359681248e-10	0.0005112946845554618	1.0093419588993875e-10	0.0033172860351323285	1.0000000167601255e-10	1.0000000000032255e-10	1.0146634883003023e-10	1.8373813189519093e-10	1.0000000526519709e-10	0.004592766193640252	1.0002128113978776e-10	1.0202921872982185e-10	1.0195641063209247e-10
1.0101618446882914e-10	8.129211499032418e-5	0.0015172128601204956	0.00042360732797533927	0.01611257588795279	1.0002200028754817e-10	1.0000043490313068e-10	0.001517261466155676	0.015779898081285246	1.8268264011079434e-10	0.0018584930528658579	0.002935492469864153	1.0002835976759015e-10	1.0120325020159791e-10	0.0011195768578674337
1.0083118504854499e-10	7.623208175886685e-5	1.0000000000175571e-10	0.0001722844379044418	0.00183802965113221	0.001446346892831956	1.0000000034790727e-10	1.000000000003936e-10	1.011992147777484e-10	1.329607418402481e-10	1.0000001795097383e-10	1.0118974347109912e-10	1.0006386580502771e-10	0.00017682554331613075	1.0017284519611414e-10
0.0006625837890320998	0.0001044650214667764	1.000000374524602e-10	0.00014790931647791527	1.0093649514346506e-10	1.0000216096625472e-10	1.0000000132196474e-10	1.0000000000112936e-10	0.0019500678465421211	1.030647289821038e-10	1.0000002010055681e-10	1.0160519179553203e-10	1.0000124829264966e-10	4.075903479455927e-5	1.031434539920917e-10
0.9871489884488427	1.1287279266568662	1.000000054173044e-10	0.00013198668754857022	1.0093145428036694e-10	1.0000175364416568e-10	1.0000017450395065e-10	1.0000000000025966e-10	0.6371106929708298	0.8838593527604925	0.13155312029632826	1.0180025167939179e-10	1.002146347352083e-10	1.0135539217407877e-10	1.000752099978278e-10
0.7055066479651717	0.8565009223882454	0.7945200036788199	0.00011894065307986526	1.0093950846894963e-10	1.0000059367058721e-10	1.0000000076296939e-10	0.7945207154521658	1.0169266751409263e-10	0.8249215475230411	0.7868628780225316	1.0131246007935758e-10	1.001003399398319e-10	1.0127506628054548e-10	0.20602829618438923
1.009483881443435e-10	0.00010925916578189248	0.13507817990819265	0.9804370813680204	0.6291112667816899	0.7971738566397222	0.9979190904774685	0.13507884598539693	1.0115348163464826e-10	1.001766588633359e-10	1.0000000955584062e-10	0.7948952476025665	1.0189237407511829	1.0060384188253153	0.9134150801311729
1.0056666527186515e-10	0.00010415858221438841	0.7894099500796067	3.8694652502144925e-5	0.7853718758153551	0.0692716169626617	1.0000000156366615e-10	0.7894099796466232	1.4220045230672202	0.9883721773076699	0.9504783549916844	1.0121051877135635e-10	0.14458233900686485	1.0090709465092263e-10	1.0150428255945309e-10
1.035672174221046e-10	0.00011277603544714899	1.0000000365913773e-10	0.0001280387235869687	1.00936836409514e-10	1.0000004308742377e-10	1.0000000076110883e-10	1.0000000000006817e-10	1.0107045682956073e-10	0.002062484517281345	1.0000000435481132e-10	0.1770882732799465	1.0000086209788947e-10	1.0310916561622052e-10	1.0021510124838181e-10
1.0119546283946122e-10	0.00010187100565587181	1.00000000000006e-10	0.00011770797756681412	1.0094026263201991e-10	1.0000151074475233e-10	1.0000043571832605e-10	1.0000000000032361e-10	1.0132418624973067e-10	1.2726592082449446e-10	1.0000002989015487e-10	1.0117680731594452e-10	1.0001071750001984e-10	1.0122181076895105e-10	1.2118596716530344e-10
1.0075221801694539e-10	0.0001028961693154188	1.0000000196793441e-10	4.953419316860937	7.08914202909258	1.0000422816300383e-10	1.0000000129206367e-10	1.0000000000599908e-10	7.315952540358102	1.2872163759759803e-10	1.0000000113994429e-10	1.0120869536369435e-10	4.383425870112638	1.0129986754859336e-10	3.308059666397941
3.3441761358087936	0.00010468804369478035	1.5937829401751376	0.0001150924505900295	1.0094511570627487e-10	1.0000374989397999e-10	1.0000000088859831e-10	1.5938129491838267	1.0149699908611919e-10	9.75660678509788e-10	1.7879176424587044	1.0073966577803909e-10	1.0007665786483903e-10	2.786695802531987	1.0678897954194793e-10
1.0125217323910759e-10	0.00010174865069920802	1.0000000213711962e-10	0.00010979353377130165	1.0093836102153196e-10	1.0000008544212932e-10	2.8342482043745982	1.0000000000004757e-10	1.010458809017011e-10	1.3164536097610338e-10	1.0000000793604996e-10	1.0510591604322076e-10	3.0428038781692246	1.0125650807153722e-10	2.590796949689137
1.0136474397423994e-10	0.0001016083303620393	1.0000000314708402e-10	0.00011673441378939267	1.0094066628980056e-10	1.0016712409520056e-10	1.0000000174575374e-10	1.0000000000003229e-10	1.0128655191072848e-10	1.024443061693719e-10	1.000000245175181e-10	1.0355324629305498e-10	1.0000285415232038e-10	1.0113934055780009e-10	1.0411103218278163e-10
0.0006582353422018863	0.00010529681755329156	1.0000000118210932e-10	6.21923939194471e-5	1.0088005189707862e-10	1.0048672988450843e-10	1.0000000061612613e-10	1.0000000000025753e-10	1.0119076068492596e-10	1.2778837986431744e-10	0.020128115127192054	1.012395715685766e-10	1.0003107156903961e-10	1.0132780567150029e-10	1.0622813738081909e-10
1.0219481227532184e-10	0.0001234338582202371	1.0000000653917613e-10	8.828231002931198e-5	1.0094035385713362e-10	1.0000099170085084e-10	1.0000000204859274e-10	1.0000000000087038e-10	1.0125557124094966e-10	5.861947272216509e-10	1.0000051706508926e-10	1.0138029144493523e-10	0.00873075207359607	1.0143762089540803e-10	1.0595190220965799e-10
1.0190282048140987e-10	0.4356083320553869	1.0000000061393233e-10	0.00011486819831573562	1.0093265258086985e-10	0.10826267316311186	0.23025126303804755	1.000000000007812e-10	1.0106973205389479e-10	0.21204735074518555	1.0000000368789909e-10	0.23475082100881944	1.0008533596187737e-10	1.0109028199743351e-10	1.0819809528831425e-10
1.0090321012152961e-10	0.00010532315651008257	1.0000000165921603e-10	7.717345117114126e-5	1.0093502948423644e-10	1.00141826324735e-10	1.0000000400421282e-10	1.0000000000023089e-10	1.0113885869038928e-10	1.3502857285212393e-10	1.0000000351886203e-10	1.0128956343872462e-10	1.000740059635715e-10	1.012931491324898e-10	1.0227184477098936e-10
0.006464223063158039	0.08219220281234471	1.0000000110327281e-10	0.00027043001710524777	1.0094546574861372e-10	1.0000739870048062e-10	1.0000000198634849e-10	1.0000000000002945e-10	1.0078177335843682e-10	0.03859831161170964	1.0000005369176515e-10	1.0145174828237166e-10	1.0017560577606642e-10	1.0093831557438555e-10	1.1477074772644797e-10
1.0078364357114911e-10	0.00010206623945248488	1.0000000296737782e-10	0.00011323802583166456	1.0093691529105482e-10	1.0000168890481276e-10	1.0000000162444597e-10	1.0000000000040497e-10	1.0111435933955192e-10	1.0054227566768892e-10	1.0000000039444746e-10	1.011092532986755e-10	1.0003565800882391e-10	1.0141305197934962e-10	1.0003490903376528e-10
1.0688068046920258	0.00010133994989720432	1.0000000043012487e-10	4.691458005665292	3.8653358686897854	1.0000013773380654e-10	1.0000000064701733e-10	1.0000000000080216e-10	3.6608257234442987	1.7317192670592854e-10	1.0000000113933641e-10	1.0135621725271171e-10	1.001106908708306e-10	1.0118522858208556e-10	1.1253451213076004e-10
1.0071920825165027e-10	0.00010137675243583681	1.0000000035372306e-10	0.0001035123045517929	1.0093683065655831e-10	1.0000302781626004e-10	1.000000016857587e-10	1.0000000000020531e-10	1.0080848492086505e-10	1.0046405249678917e-10	1.0000005643200457e-10	1.0127653382499169e-10	1.001648293969074e-10	1.0205803689779212e-10	1.0456828864146228e-10
1.0080509742218069e-10	0.0001028033467743798	1.000000031766316e-10	9.999678839029654e-5	1.0093390025157915e-10	1.0000278946884174e-10	1.0000000676815601e-10	1.0000000000084017e-10	1.0108286021682342e-10	1.0003159283467586e-10	1.0000007358399298e-10	1.0133098287998287e-10	1.0000031732673095e-10	1.0113693028722393e-10	1.0005976018572781e-10
1.0069171400750219e-10	0.00010110877238465428	1.0000000018144842e-10	0.00010880034518720666	1.0094027557077831e-10	61.220190861049616	1.0000000073389753e-10	1.0000000000000635e-10	1.016170244866078e-10	1.3072821161357e-10	1.0000001385598359e-10	1.011298616576141e-10	7.687661779693987	1.0168858027164595e-10	7.118896961190685
