2.153657439465447e-5	4.612356997956319e-6	7.122264671596043	0.005735455380216577	1.2077591873525286e-5	0.00013570652683532691	8.917017432989527e-6	4.344882962420305e-5	0.0010677266958991868	5.26045165902363e-7	2.6595520742545227e-6	6.416508102770362e-5	0.00042019232620361957	1.8589177467355445e-5	1.1319415042896081e-5
7.827212350006492e-5	4.942908437238672e-6	4.205071239665049e-5	2.457550924433333e-7	4.16279896185251e-5	0.0001502130049058542	1.395928475657754	1.5992523296264152	5.473545144663524e-6	0.0006169650170117248	0.0012063899020347292	0.016852845099874596	0.0002795851935728999	1.834043795539917e-9	6.809200735808934e-6
2.4662866849516942	4.358236021767782e-6	4.254717356066235e-5	0.001033302502900207	1.378884736528904e-5	0.00010257014413450484	0.00012160519596589179	3.897154464321416e-5	6.0983399268569245e-6	0.00012611916487622148	2.438201435912804e-10	1.486003348739741e-5	0.00031572533298666997	1.7786703120020541e-9	1.3337422427108658e-5
6.507370529376323e-5	5.1351944877471555e-6	4.802356429085352e-5	0.035043359472693866	0.03647642676422369	0.00020739598212394101	1.115435060405981e-5	3.7846999018184926e-5	0.8465955459172333	1.1432800550988553	0.43268094061322576	0.38021699285517735	0.35007720569609285	1.1923183958466885	0.0006763798892634832
0.00010888814414277381	5.025340211825125e-6	2.5376699998546895e-5	0.00010656583501237181	1.8446881180462832e-5	0.0001162708576424727	5.861665350323965e-7	0.0001466406557835118	0.00010621023774903006	0.00012499233122656366	1.0000829925179674e-10	1.2769129177879764e-5	0.00023718751171735843	6.902374606253036e-8	0.08183205469414977
5.5410409943975145e-6	1.6378273336873577e-7	3.1818193482453135e-6	3.032675977017439e-5	1.418240008506891e-8	6.6725352008469845e-6	5.3107669371348745e-9	1.0642920946701472e-5	1.7191272620523005e-9	1.8008412277193508e-8	3.799489196565448e-8	3.376113511855556e-10	6.48834097412629e-7	7.61917268594095e-9	7.795146955516956e-6
5.716471638095815e-9	0.001923297675064863	2.5931499091844625e-7	8.41400951161793e-8	0.0005796050064802664	0.0003215677298259738	0.0001543715025907753	4.637794567729784e-5	9.418482834305556e-7	1.927718168587464e-10	1.722566485520516e-8	1.718099217845076e-8	7.987429689767707e-7	1.2661398924251885e-10	0.001220805377237541
0.0014465684009467088	5.92774053295441e-7	1.4567486077344873e-9	0.00012245183599586163	6.016903783587951e-5	1.1044806836969153e-5	2.1206055434038425e-7	3.8373533739896715e-5	0.0003397914058036366	1.4375966681315024e-7	7.755882401941718e-9	1.140008364307662e-10	6.7510204516245445e-6	1.3544769576491183e-10	0.00015972454327845885
0.0002980881431856044	0.0018310550523385769	0.0013496203377804771	0.0006965869696190998	8.584977717811733e-10	0.0013534542352399265	0.004058695599626784	2.582264440377509e-6	1.0184947406610115e-10	0.0016471803844898393	0.001559113478258746	0.00169840924754067	0.0006431762491359365	0.0016668691899303137	2.4392404724462513e-8
2.8078166390672373e-7	6.086850192034379e-7	4.316692543904487e-8	1.8068010776772153e-6	2.614528534560137e-6	9.837387740141614e-6	2.643265356997651e-6	7.960181363547017e-5	1.2316144874623215e-10	3.3214799061375624e-7	1.0001395065434757e-10	1.0008881636364933e-10	2.652956202665772e-7	1.5057098838232847e-9	2.590456678383007e-6
1.5704983001448226e-5	0.02454051537964574	5.01020527739547e-5	3.358329844812293e-8	2.523924121995938e-6	0.00022132681250351636	8.245796283313656e-5	0.00023138504430692016	4.875855841686225e-6	0.06362002833252121	1.263145356653576e-6	4.470662402408067e-9	0.00032204486217653395	3.861206265120011e-8	0.33005175479590115
0.43000578586599525	0.7458027796197321	0.0017093493358202674	0.7526147386132295	0.5909372978146225	0.700851703704022	0.6898952915061943	0.8573677529075281	0.6646666490834783	0.711918405387848	0.5901472564922642	0.6946913432329291	0.6659756839297966	0.7113747914800822	0.32037038609832863
0.4441057721665003	1.4024196885030668e-5	0.9557989636182836	0.0753537953477973	0.20521346807169574	0.11869727587997987	0.1581065099763711	0.05633528928715258	0.219058853253424	0.1521468479111269	0.2435433619396621	0.15583500885143775	0.21589022319337972	0.2174558447147006	0.2580108695401429
0.323755049302569	0.771745479714855	0.05099536775568041	0.7099695253050756	0.733188777095803	0.748210611252947	0.7022634986202603	0.6512630097436996	0.6285090458424528	0.6691144757254778	0.6901875390688645	0.706707403620238	0.6456511307485076	0.6002754972922457	0.7105860059167632
1.858861644879744e-8	0.15717285718182736	2.4941176114787278e-6	0.12175155838856794	0.027764001128616995	6.830414316392383e-5	3.1382865063376558e-6	0.13192866910992251	0.02430500553494693	4.964001385428964e-7	0.0011987773739884616	7.645479774332207e-9	6.855164605427235e-5	1.5126172052130038e-6	2.4461645052399616e-5
0.00010365014512720291	0.003892297963990503	5.2209715568917774e-5	0.008350986085111724	1.6220527658920423e-5	9.189337882707933e-5	0.0010195394660454094	0.1971480976621641	0.0002941453365422352	0.00015776748296268404	2.965061127029175e-7	1.499865215886167e-5	0.0001555990170782884	4.815967524970524e-5	1.7819529255326894e-7
0.0001316959465400029	5.417033853103062e-6	5.728836558639458e-5	3.3010602860597466e-5	1.6409878817624258e-5	9.005367502578696e-5	0.0007138136876150118	4.357800664920736e-5	0.00011238183616787732	6.91024359319728e-5	6.44450933444695e-6	1.3690015058238184e-5	0.00037847451149016897	0.0012428704209022266	3.905198183359794e-6
0.00018979934713032092	2.0806400744877362	6.254700267998129	4.2272398649813825	4.436680937394473	4.068061640688088	0.8816218085521882	4.105205463354707	4.690540479836646	4.712182216857622	4.310988144801214	4.2481550810399105	4.7807051201562	4.681014509762595	5.4802354179943835
8.49533115694264	4.344797990348603e-6	4.825051115491291e-5	0.37341509410457224	0.007075322144086102	0.00010182551023879466	1.424828927649903e-10	4.229483379838063e-5	1.3845003672710173e-6	7.277409301695433e-5	4.12440471469736e-6	0.0017284935291780295	6.261117860883193e-8	3.2042684193099625e-7	0.22196163505689967
6.268987355175786e-5	1.749104684960223	4.330676486540938e-5	1.032253362638381e-6	5.204018749313585e-5	0.14989099171290798	2.1467236388293442	0.013487934999420956	4.235084759032248e-5	4.108543204091553e-5	0.0691485928339108	8.90419333968205e-5	0.00045448881899146353	5.452064334388122e-6	8.959905778522577e-6
1.5701712717132146e-7	3.0988155436920315e-6	1.3840511303209817e-5	0.005007203118164618	2.152297676202803e-7	1.4327453328504179e-5	5.131543495488851e-10	4.73355885159702e-5	1.4666027407847054e-5	3.0267936447921957e-5	6.081427189226064e-7	1.0008240934692144e-10	4.793186953174496e-7	1.540230196672329e-6	8.056210498118027e-8
0.0758340356423954	1.1550828374136785e-6	0.0005733321129186302	5.969073382551034e-9	4.3618135778532626e-7	9.373444615242911e-6	1.9040216644514007e-10	0.005127662837345483	3.8497408479282204e-6	0.0002626573356649069	1.0004116393347769e-10	7.960889813292484e-7	0.0005512438470467	0.00010005263646627993	0.019669421745354423
0.24930323376501798	0.23255536493424672	0.055607902391266846	0.0689102504861946	0.09741252441535256	0.06678943733081787	0.2857136355322822	0.0016371138916086742	0.0538390422209572	0.05045784334226741	0.11455036915591252	0.06933977906547704	0.025370843934692053	0.05252650469227047	0.025994182603256855
5.79644827911488e-6	2.928930756058567e-6	7.304149101686132e-6	2.1232096021289985e-5	9.949071430833868e-7	1.6091526171231032e-5	7.454726601814814e-6	3.52463250571868e-5	1.2383856830930975e-7	2.418624869522911e-5	1.0000147659340434e-10	1.5376015050551805e-9	3.0106947527156386e-5	5.728049865931087e-6	4.98732062803295e-6
0.11973097959969288	5.1160630895460465e-5	9.85168890261766e-6	0.1507125849997891	0.11789415661831043	0.16385136009551776	3.7017714505479394e-5	0.2079510940659172	0.161478528598473	0.18443933805342125	0.1168475266530808	0.17116862677272282	0.17092262218031198	0.18387727345930294	7.71370319000035e-5
1.6649324335297364e-5	4.075869590608492e-6	5.1577739339770474e-5	1.5140506543697511e-5	4.589675339533302e-6	6.978833270196467e-5	2.640184205394206e-6	5.601577561555158e-5	0.00012044480940906079	3.0502059663647605e-5	2.3917923219181043e-10	1.0907970023022065e-5	5.420878744602193e-5	1.789665159950667e-9	0.0018048263112699237
2.2720334634484027	1.1436333772813558	8.226345511634597e-5	0.5383415703576219	1.226647025727185	0.00010223652671771186	6.29827578397727e-5	1.186289928567301e-7	0.6863751858909621	6.151335199617699e-5	0.930297335702891	0.05333575612575881	0.0009143426432670211	0.00021218841076975855	0.33236196835741616
4.97302186499505e-5	4.816078519686471e-6	4.9920709193591836e-5	2.0569015381058605e-5	1.495018525920972e-5	0.00010488761722166122	2.729184076276292e-5	5.3808634983868265e-5	6.59967073379334e-6	0.0019497044207669508	3.844806004873566e-9	3.4332664721211454e-5	0.0003362095006890421	1.8477139265596166e-5	7.815736062494181e-6
3.0886669728089124e-5	4.2821590902646486e-6	6.26939808536411e-5	0.006013610011196722	9.140562026632076e-6	8.682656296837275e-5	9.064600980658437e-6	6.0563150816848786e-5	7.224907227750768e-6	5.6519534003238566e-5	6.856818882263566e-10	1.9119076613646407e-5	0.00042797968477473793	3.631141205236526e-8	1.517398248644989e-5
9.310337776350358e-5	4.943708345090638e-6	6.332976545829206e-5	0.3575263175851247	1.537606457371038e-5	0.0001317596446438229	3.2751367617503684e-5	6.68365785479698e-5	1.3059764440594754e-6	0.00022973169485313084	3.5248833796699286e-9	4.782953987318216e-5	0.9295278238650214	6.621884042675939e-6	4.700645647229831
